6
20
30
1
0.0
2
31 37
30 31
2
31 37
30 31
41
1
0.0
4
15 34
0 15
21 0
41 21
2
41 23
23 40
41
1
0.0
4
15 33
0 15
21 0
41 21
4
41 23
23 6
6 11
11 27
40
1
0.2
4
15 33
0 15
21 0
40 21
4
40 21
21 0
0 12
12 31
44
1
2.4
1
44 28
4
44 25
25 5
5 16
16 34
36
1
0.0
2
18 37
36 18
2
18 37
36 18
33
1
0.0
4
21 41
0 21
15 0
33 15
4
21 41
0 21
15 0
33 15
31
1
0.0
1
31 41
4
31 12
12 2
2 15
15 35
27
1
4.7
1
27 31
1
27 31
37
1
0.0
1
37 31
1
37 31
31
1
0.2
4
9 29
0 9
12 0
31 12
4
31 13
13 3
3 22
22 40
30
1
0.0
2
12 32
30 12
4
30 14
14 6
6 23
23 41
43
1
0.0
4
18 37
0 18
24 0
43 24
4
18 37
0 18
24 0
43 24
37
1
0.0
2
18 38
37 18
2
18 38
37 18
36
1
3.1
2
30 42
36 30
2
36 20
20 38
31
1
0.0
4
21 41
0 21
12 0
31 12
4
31 12
12 0
0 15
15 34
43
1
2.3
1
43 41
4
43 24
24 0
0 9
9 29
30
1
0.0
4
21 39
0 21
12 0
30 12
4
30 12
12 1
1 18
18 37
30
1
47.1
4
18 36
0 18
12 0
30 12
4
30 12
12 2
2 9
9 28
30
1
0.0
1
30 28
1
30 28
