8
1355
48
1
0.2020344359
4
48 19
19 12
12 31
31 63
4
48 19
19 12
12 31
31 63
50
1
0.0060265826
4
50 19
19 12
12 31
31 62
4
50 19
19 12
12 31
31 62
50
1
0.0030754230
4
50 19
19 12
12 35
35 66
4
50 19
19 12
12 35
35 66
51
1
0.0391350890
4
51 19
19 12
12 31
31 62
4
51 19
19 12
12 31
31 62
49
1
0.0019412335
4
49 19
19 12
12 39
39 71
4
49 19
19 12
12 39
39 71
48
1
95.2946451457
4
48 19
19 12
12 47
47 77
4
48 19
19 12
12 47
47 77
49
1
0.2883651237
4
49 19
19 12
12 39
39 68
4
49 19
19 12
12 39
39 68
51
1
0.8111989104
4
51 19
19 12
12 23
23 54
4
51 19
19 12
12 23
23 54
50
1
0.0091059783
4
50 19
19 12
12 43
43 74
4
50 19
19 12
12 43
43 74
48
1
0.0048609871
4
48 19
19 12
12 27
27 57
4
48 19
19 12
12 27
27 57
49
1
1.9339487736
4
49 19
19 12
12 27
27 58
4
49 19
19 12
12 27
27 58
50
1
0.0091059783
4
50 19
19 12
12 47
47 79
4
50 19
19 12
12 47
47 79
48
1
0.0482771921
4
48 19
19 12
12 35
35 65
4
48 19
19 12
12 35
35 65
50
1
0.0176804512
4
50 19
19 12
12 31
31 61
4
50 19
19 12
12 31
31 61
51
1
0.4916893741
4
51 19
19 12
12 39
39 70
4
51 19
19 12
12 39
39 70
51
1
0.0048207941
4
51 19
19 12
12 27
27 59
4
51 19
19 12
12 27
27 59
51
1
0.0040564451
4
51 19
19 12
12 35
35 67
4
51 19
19 12
12 35
35 67
50
1
0.0578546334
4
50 19
19 12
12 39
39 70
4
50 19
19 12
12 39
39 70
49
1
2.8678975471
4
49 19
19 12
12 23
23 53
4
49 19
19 12
12 23
23 53
50
1
0.6804904637
4
50 19
19 12
12 31
31 60
4
50 19
19 12
12 31
31 60
48
1
0.0011551932
4
48 19
19 12
12 43
43 75
4
48 19
19 12
12 43
43 75
51
1
0.0478418538
4
51 19
19 12
12 35
35 64
4
51 19
19 12
12 35
35 64
51
1
0.0026871018
4
51 19
19 12
12 43
43 75
4
51 19
19 12
12 43
43 75
50
1
0.0430531332
4
50 19
19 12
12 31
31 63
4
50 19
19 12
12 31
31 63
48
1
0.0037089998
4
48 19
19 12
12 39
39 70
4
48 19
19 12
12 39
39 70
48
1
0.0001988179
4
48 19
19 12
12 27
27 59
4
48 19
19 12
12 27
27 59
50
1
3.9666608101
4
50 19
19 12
12 47
47 76
4
50 19
19 12
12 47
47 76
48
1
10.2995661220
4
48 19
19 12
12 35
35 67
4
48 19
19 12
12 35
35 67
48
1
0.0006223231
4
48 19
19 12
12 23
23 53
4
48 19
19 12
12 23
23 53
50
1
0.9782152589
4
50 19
19 12
12 47
47 77
4
50 19
19 12
12 47
47 77
49
1
3.9666608101
4
49 19
19 12
12 23
23 54
4
49 19
19 12
12 23
23 54
50
1
0.9273841963
4
50 19
19 12
12 35
35 65
4
50 19
19 12
12 35
35 65
51
1
4.0215989733
4
51 19
19 12
12 35
35 64
4
51 19
19 12
12 35
35 64
51
1
0.0018039884
4
51 19
19 12
12 35
35 64
4
51 19
19 12
12 35
35 64
51
1
0.2020344359
4
51 19
19 12
12 35
35 64
4
51 19
19 12
12 35
35 64
50
1
0.0565486186
4
50 19
19 12
12 47
47 76
4
50 19
19 12
12 47
47 76
50
1
0.0017665579
4
50 19
19 12
12 35
35 64
4
50 19
19 12
12 35
35 64
50
1
113.0548109118
4
50 19
19 12
12 39
39 71
4
50 19
19 12
12 39
39 71
48
1
113.0548109118
4
48 19
19 12
12 47
47 76
4
48 19
19 12
12 47
47 76
49
1
115.5919774499
4
49 19
19 12
12 47
47 79
4
49 19
19 12
12 47
47 79
49
1
1.3845671420
4
49 19
19 12
12 35
35 66
4
49 19
19 12
12 35
35 66
48
1
90.2203120697
4
48 19
19 12
12 31
31 61
4
48 19
19 12
12 31
31 61
48
1
0.0378290743
4
48 19
19 12
12 39
39 71
4
48 19
19 12
12 39
39 71
50
1
0.0148222935
4
50 19
19 12
12 35
35 64
4
50 19
19 12
12 35
35 64
48
1
5.9993728467
4
48 19
19 12
12 23
23 52
4
48 19
19 12
12 23
23 52
50
1
0.0007140825
4
50 19
19 12
12 27
27 58
4
50 19
19 12
12 27
27 58
51
1
0.0382644126
4
51 19
19 12
12 35
35 65
4
51 19
19 12
12 35
35 65
51
1
91.4888953387
4
51 19
19 12
12 43
43 72
4
51 19
19 12
12 43
43 72
50
1
0.0031571748
4
50 19
19 12
12 31
31 62
4
50 19
19 12
12 31
31 62
51
1
5.0654240731
4
51 19
19 12
12 39
39 71
4
51 19
19 12
12 39
39 71
51
1
0.0217215594
4
51 19
19 12
12 31
31 60
4
51 19
19 12
12 31
31 60
51
1
119.3977272569
4
51 19
19 12
12 47
47 79
4
51 16
16 3
3 32
32 66
49
1
0.0001000000
4
49 19
19 12
12 47
47 76
4
49 19
19 12
12 47
47 76
48
1
0.5788283385
4
48 19
19 12
12 47
47 76
4
48 19
19 12
12 47
47 76
48
1
0.7531062674
4
48 19
19 12
12 23
23 55
4
48 19
19 12
12 23
23 55
49
1
0.0003964536
4
49 19
19 12
12 43
43 72
4
49 19
19 12
12 43
43 72
50
1
0.7748910085
4
50 19
19 12
12 27
27 57
4
50 19
19 12
12 27
27 57
48
1
0.0036476859
4
48 19
19 12
12 31
31 61
4
48 19
19 12
12 31
31 61
48
1
0.3174114452
4
48 19
19 12
12 35
35 67
4
48 19
19 12
12 35
35 67
49
1
5.3950530520
4
49 19
19 12
12 35
35 66
4
49 19
19 12
12 35
35 66
49
1
0.1851385472
4
49 19
19 12
12 31
31 61
4
49 19
19 12
12 31
31 61
48
1
0.0291223095
4
48 19
19 12
12 31
31 63
4
48 19
19 12
12 31
31 63
51
1
0.0080362301
4
51 19
19 12
12 27
27 56
4
51 19
19 12
12 27
27 56
49
1
59.7743136134
4
49 19
19 12
12 47
47 76
4
49 19
19 12
12 47
47 76
51
1
0.0373937361
4
51 19
19 12
12 31
31 62
4
51 19
19 12
12 31
31 62
48
1
0.0019162799
4
48 19
19 12
12 47
47 79
4
48 19
19 12
12 47
47 79
49
1
0.0021352768
4
49 19
19 12
12 39
39 68
4
49 19
19 12
12 39
39 68
51
1
0.4553814723
4
51 19
19 12
12 39
39 70
4
51 19
19 12
12 39
39 70
50
1
0.9854768393
4
50 19
19 12
12 31
31 62
4
50 19
19 12
12 31
31 62
51
1
0.0007423162
4
51 19
19 12
12 47
47 78
4
51 19
19 12
12 47
47 78
48
1
0.0038929414
4
48 19
19 12
12 23
23 53
4
48 19
19 12
12 23
23 53
50
1
0.0036068100
4
50 19
19 12
12 35
35 67
4
50 19
19 12
12 35
35 67
50
1
0.0189996009
4
50 19
19 12
12 39
39 70
4
50 19
19 12
12 39
39 70
48
1
0.0013797762
4
48 19
19 12
12 43
43 73
4
48 19
19 12
12 43
43 73
49
1
3.9666608101
4
49 19
19 12
12 27
27 58
4
49 19
19 12
12 27
27 58
48
1
0.0007140825
4
48 19
19 12
12 27
27 59
4
48 19
19 12
12 27
27 59
50
1
0.0036476859
4
50 19
19 12
12 43
43 72
4
50 19
19 12
12 43
43 72
51
1
1.4944434684
4
51 19
19 12
12 47
47 77
4
51 19
19 12
12 47
47 77
48
1
92.7574786077
4
48 19
19 12
12 35
35 64
4
48 19
19 12
12 35
35 64
48
1
33.1340649642
4
48 19
19 12
12 47
47 78
4
48 19
19 12
12 47
47 78
51
1
0.0006434983
4
51 19
19 12
12 35
35 65
4
51 19
19 12
12 35
35 65
48
1
0.2883651237
4
48 19
19 12
12 27
27 57
4
48 19
19 12
12 27
27 57
49
1
0.3755040882
4
49 19
19 12
12 43
43 75
4
49 19
19 12
12 43
43 75
51
1
0.0504538833
4
51 19
19 12
12 35
35 64
4
51 19
19 12
12 35
35 64
50
1
4.5709806047
4
50 19
19 12
12 31
31 62
4
50 19
19 12
12 31
31 62
49
1
0.0040360071
4
49 19
19 12
12 39
39 71
4
49 19
19 12
12 39
39 71
51
1
0.0006787904
4
51 19
19 12
12 23
23 52
4
51 19
19 12
12 23
23 52
51
1
0.0312990007
4
51 19
19 12
12 31
31 60
4
51 19
19 12
12 31
31 60
48
1
0.0056246531
4
48 19
19 12
12 23
23 55
4
48 19
19 12
12 23
23 55
49
1
0.0208508830
4
49 19
19 12
12 23
23 52
4
49 19
19 12
12 23
23 52
77
1
101.6375614907
4
77 47
47 12
12 43
43 72
4
77 47
47 12
12 43
43 72
48
1
0.0879871871
4
48 19
19 12
12 47
47 76
4
48 19
19 12
12 47
47 76
51
1
0.0118542068
4
51 19
19 12
12 23
23 54
4
51 19
19 12
12 23
23 54
51
1
0.8184604908
4
51 19
19 12
12 47
47 79
4
51 19
19 12
12 47
47 79
50
1
0.0007987836
4
50 19
19 12
12 27
27 59
4
50 19
19 12
12 27
27 59
51
1
0.1851385472
4
51 19
19 12
12 39
39 71
4
51 19
19 12
12 39
39 71
73
1
119.3977272569
4
73 42
42 8
8 26
26 57
4
73 42
42 8
8 26
26 57
49
1
1.8790106104
4
49 19
19 12
12 31
31 60
4
49 19
19 12
12 31
31 60
49
1
5.7796201941
4
49 19
19 13
13 47
47 76
4
49 19
19 13
13 47
47 76
50
1
121.9348937949
4
50 19
19 13
13 43
43 72
4
50 19
19 12
12 23
23 55
51
1
31.8654816952
4
51 19
19 13
13 43
43 74
4
51 19
19 13
13 43
43 74
48
1
2.4833304051
4
48 19
19 13
13 23
23 52
4
48 19
19 13
13 23
23 52
51
1
0.1809145750
4
51 19
19 13
13 31
31 61
4
51 19
19 13
13 31
31 61
50
1
0.0005235052
4
50 19
19 13
13 35
35 66
4
50 19
19 13
13 35
35 66
51
1
0.0031367369
4
51 19
19 13
13 27
27 59
4
51 19
19 13
13 27
27 59
51
1
87.6831455316
4
51 19
19 13
13 35
35 66
4
51 19
19 13
13 35
35 66
49
1
0.0033411165
4
49 19
19 13
13 31
31 60
4
49 19
19 13
13 31
31 60
48
1
48.3570641923
4
48 19
19 13
13 23
23 55
4
48 19
19 13
13 23
23 55
49
1
0.2104823803
4
49 19
19 13
13 39
39 70
4
49 19
19 13
13 39
39 70
51
1
0.0074333359
4
51 19
19 13
13 35
35 66
4
51 19
19 13
13 35
35 66
51
1
0.1048830758
4
51 19
19 13
13 31
31 62
4
51 19
19 13
13 31
31 62
51
1
0.0151520810
4
51 19
19 13
13 35
35 64
4
51 19
19 13
13 35
35 64
51
1
0.0002623437
4
51 19
19 13
13 47
47 79
4
51 19
19 13
13 47
47 79
48
1
0.0017665579
4
48 19
19 13
13 31
31 60
4
48 19
19 13
13 31
31 60
49
1
0.0039951312
4
49 19
19 13
13 27
27 57
4
49 19
19 13
13 27
27 57
49
1
116.8605607189
4
49 19
19 13
13 39
39 68
4
49 19
19 13
13 39
39 68
49
1
0.0985471175
4
49 19
19 13
13 27
27 57
4
49 19
19 13
13 27
27 57
48
1
0.0343463684
4
48 19
19 13
13 35
35 66
4
48 19
19 13
13 35
35 66
50
1
0.0461005009
4
50 19
19 13
13 31
31 61
4
50 19
19 13
13 31
31 61
51
1
5.6697438678
4
51 19
19 13
13 27
27 56
4
51 19
19 13
13 27
27 56
49
1
99.1003949527
4
49 19
19 13
13 43
43 73
4
49 19
19 13
13 43
43 73
48
1
0.0600313246
4
48 19
19 13
13 47
47 76
4
48 19
19 13
13 47
47 76
48
1
0.2569460743
4
48 19
19 13
13 47
47 78
4
48 19
19 13
13 47
47 78
49
1
0.2956267041
4
49 19
19 13
13 47
47 76
4
49 19
19 13
13 47
47 76
51
1
0.0133932147
4
51 19
19 13
13 35
35 66
4
51 19
19 13
13 35
35 66
49
1
0.0068304416
4
49 19
19 13
13 23
23 55
4
49 19
19 13
13 23
23 55
48
1
0.1027710897
4
48 19
19 13
13 23
23 53
4
48 19
19 13
13 23
23 53
48
1
0.0125137816
4
48 19
19 13
13 35
35 67
4
48 19
19 13
13 35
35 67
49
1
0.2653940186
4
49 19
19 13
13 47
47 79
4
49 19
19 13
13 47
47 79
48
1
0.0038725034
4
48 19
19 13
13 43
43 72
4
48 19
19 13
13 43
43 72
51
1
0.0016667433
4
51 19
19 13
13 35
35 64
4
51 19
19 13
13 35
35 64
51
1
0.0016542664
4
51 19
19 13
13 27
27 56
4
51 19
19 13
13 27
27 56
50
1
0.0143825770
4
50 19
19 13
13 35
35 67
4
50 19
19 13
13 35
35 67
50
1
0.0063883192
4
50 19
19 13
13 35
35 66
4
50 19
19 13
13 35
35 66
50
1
0.1809145750
4
50 19
19 13
13 35
35 64
4
50 19
19 13
13 35
35 64
49
1
0.0038929414
4
49 19
19 13
13 39
39 69
4
49 19
19 13
13 39
39 69
49
1
0.0057854249
4
49 19
19 13
13 31
31 63
4
49 19
19 13
13 31
31 63
49
1
0.0055040743
4
49 19
19 13
13 35
35 64
4
49 19
19 13
13 35
35 64
48
1
0.0009555640
4
48 19
19 13
13 27
27 57
4
48 19
19 13
13 27
27 57
49
1
0.0054638813
4
49 19
19 13
13 39
39 71
4
49 19
19 13
13 39
39 71
51
1
0.0027075397
4
51 19
19 13
13 35
35 64
4
51 19
19 13
13 35
35 64
48
1
68.6543964965
4
48 19
19 13
13 35
35 64
4
48 19
19 13
13 35
35 64
50
1
0.0055040743
4
50 19
19 13
13 43
43 72
4
50 19
19 13
13 43
43 72
49
1
55.9685638064
4
49 19
19 13
13 47
47 77
4
49 19
19 13
13 47
47 77
50
1
45.8198976543
4
50 19
19 13
13 27
27 58
4
50 19
19 13
13 27
27 58
50
1
0.0002976358
4
50 19
19 13
13 31
31 62
4
50 19
19 13
13 31
31 62
49
1
0.2337142273
4
49 19
19 13
13 35
35 65
4
49 19
19 13
13 35
35 65
49
1
0.6369209815
4
49 19
19 13
13 23
23 52
4
49 19
19 13
13 23
23 52
49
1
0.1703546446
4
49 19
19 13
13 39
39 68
4
49 19
19 13
13 39
39 68
51
1
0.3972888293
4
51 19
19 13
13 31
31 63
4
51 19
19 13
13 31
31 63
51
1
0.1407868393
4
51 19
19 13
13 31
31 63
4
51 19
19 13
13 31
31 63
51
1
0.2020344359
4
51 19
19 13
13 27
27 56
4
51 19
19 13
13 27
27 56
50
1
0.0073127570
4
50 19
19 13
13 47
47 76
4
50 19
19 13
13 47
47 76
48
1
0.1513467698
4
48 19
19 13
13 43
43 74
4
48 19
19 13
13 43
43 74
50
1
0.0073529499
4
50 19
19 13
13 43
43 72
4
50 19
19 13
13 43
43 72
49
1
0.2168183386
4
49 19
19 13
13 47
47 78
4
49 19
19 13
13 47
47 78
48
1
0.0005799726
4
48 19
19 13
13 47
47 77
4
48 19
19 13
13 47
47 77
51
1
0.0102052697
4
51 19
19 13
13 43
43 74
4
51 19
19 13
13 43
43 74
50
1
0.8983378748
4
50 19
19 13
13 43
43 73
4
50 19
19 13
13 43
43 73
51
1
0.0014671140
4
51 19
19 13
13 31
31 63
4
51 19
19 13
13 31
31 63
48
1
74.9973128415
4
48 19
19 13
13 39
39 69
4
48 19
19 13
13 39
39 69
48
1
5.4499912151
4
48 19
19 13
13 43
43 72
4
48 19
19 13
13 43
43 72
50
1
0.0068706346
4
50 19
19 13
13 47
47 79
4
50 19
19 13
13 47
47 79
51
1
0.0286869713
4
51 19
19 13
13 27
27 56
4
51 19
19 13
13 27
27 56
48
1
0.0067500557
4
48 19
19 13
13 39
39 71
4
48 19
19 13
13 39
39 71
50
1
0.0061471615
4
50 19
19 13
13 27
27 56
4
50 19
19 13
13 27
27 56
51
1
0.0026053499
4
51 19
19 13
13 27
27 58
4
51 19
19 13
13 27
27 58
51
1
0.0031367369
4
51 19
19 13
13 27
27 59
4
51 19
19 13
13 27
27 59
51
1
34.4026482332
4
51 19
19 13
13 47
47 78
4
51 19
19 13
13 47
47 78
49
1
0.0030754230
4
49 19
19 13
13 27
27 57
4
49 19
19 13
13 27
27 57
48
1
0.0024827222
4
48 19
19 13
13 39
39 70
4
48 19
19 13
13 39
39 70
51
1
54.6999805374
4
51 19
19 13
13 39
39 69
4
51 19
19 13
13 39
39 69
51
1
0.8547683926
4
51 19
19 13
13 31
31 60
4
51 19
19 13
13 31
31 60
50
1
0.0326050154
4
50 19
19 13
13 31
31 63
4
50 19
19 13
13 31
31 63
51
1
0.0166910889
4
51 19
19 13
13 31
31 62
4
51 19
19 13
13 31
31 62
48
1
68.6543964965
4
48 19
19 13
13 23
23 53
4
48 19
19 13
13 23
23 53
48
1
0.0591606481
4
48 19
19 13
13 35
35 65
4
48 19
19 13
13 35
35 65
50
1
0.0010179481
4
50 19
19 13
13 35
35 66
4
50 19
19 13
13 35
35 66
50
1
0.0879871871
4
50 19
19 13
13 43
43 75
4
50 19
19 13
13 43
43 75
50
1
0.0647553401
4
50 19
19 13
13 47
47 78
4
50 19
19 13
13 47
47 78
51
1
0.0161414432
4
51 19
19 13
13 47
47 77
4
51 19
19 13
13 47
47 77
49
1
0.0155917975
4
49 19
19 13
13 43
43 72
4
49 19
19 13
13 43
43 72
51
1
0.1872505333
4
51 19
19 13
13 47
47 76
4
51 19
19 13
13 47
47 76
51
1
0.0005940894
4
51 19
19 13
13 47
47 79
4
51 19
19 13
13 47
47 79
50
1
0.1682426585
4
50 19
19 13
13 35
35 67
4
50 19
19 13
13 35
35 67
50
1
0.0027688536
4
50 19
19 13
13 27
27 58
4
50 19
19 13
13 27
27 58
49
1
0.0004670378
4
49 19
19 13
13 31
31 62
4
49 19
19 13
13 31
31 62
49
1
0.0006929073
4
49 19
19 13
13 43
43 73
4
49 19
19 13
13 43
43 73
48
1
0.0017915116
4
48 19
19 13
13 31
31 63
4
48 19
19 13
13 31
31 63
51
1
0.1576827280
4
51 19
19 13
13 27
27 57
4
51 19
19 13
13 27
27 57
51
1
0.0006082062
4
51 19
19 13
13 27
27 56
4
51 19
19 13
13 27
27 56
50
1
19.1796490051
4
50 19
19 13
13 39
39 69
4
50 19
19 13
13 39
39 69
51
1
0.0269456183
4
51 19
19 13
13 47
47 79
4
51 19
19 13
13 47
47 79
51
1
0.2189303247
4
51 19
19 13
13 23
23 55
4
51 19
19 13
13 23
23 55
48
1
0.0142726478
4
48 19
19 13
13 47
47 77
4
48 19
19 13
13 47
47 77
64
1
45.8198976543
4
64 32
32 0
0 44
44 79
4
64 32
32 0
0 44
44 79
48
1
0.1112190341
4
48 19
19 13
13 39
39 69
4
48 19
19 13
13 39
39 69
50
1
0.0373937361
4
50 19
19 13
13 35
35 64
4
50 19
19 13
13 35
35 64
77
1
124.4720603329
4
77 47
47 12
12 23
23 53
4
77 47
47 12
12 23
23 53
49
1
0.0049815659
4
49 19
19 13
13 39
39 71
4
49 19
19 13
13 39
39 71
50
1
0.0042580928
4
50 19
19 13
13 35
35 65
4
50 19
19 13
13 35
35 65
48
1
0.0943231453
4
48 19
19 13
13 35
35 66
4
48 19
19 13
13 35
35 66
49
1
5.2302385626
4
49 19
19 13
13 35
35 67
4
49 19
19 13
13 35
35 67
51
1
24.2539820811
4
51 19
19 13
13 27
27 57
4
51 19
19 13
13 27
27 57
50
1
2.5932067314
4
50 19
19 13
13 47
47 77
4
50 19
19 13
13 47
47 77
51
1
0.0007564331
4
51 19
19 13
13 27
27 59
4
51 19
19 13
13 27
27 59
50
1
0.0118542068
4
50 19
19 13
13 43
43 73
4
50 19
19 13
13 43
43 73
50
1
0.0014795908
4
50 19
19 13
13 47
47 78
4
50 19
19 13
13 47
47 78
48
1
0.8402452319
4
48 19
19 13
13 27
27 58
4
48 19
19 13
13 27
27 58
49
1
0.0073529499
4
49 19
19 13
13 35
35 64
4
49 19
19 13
13 35
35 64
48
1
0.0005517389
4
48 19
19 13
13 39
39 70
4
48 19
19 13
13 39
39 70
51
1
0.0008931798
4
51 19
19 13
13 31
31 61
4
51 19
19 13
13 31
31 61
50
1
0.0003752784
4
50 19
19 13
13 23
23 54
4
50 19
19 13
13 23
23 54
49
1
4.9006095837
4
49 19
19 13
13 31
31 60
4
49 19
19 13
13 31
31 60
49
1
0.0047002153
4
49 18
18 8
8 30
30 60
4
49 18
18 8
8 30
30 60
49
1
85.1459789936
4
49 18
18 8
8 26
26 57
4
49 18
18 8
8 26
26 57
49
1
15.3738991981
4
49 18
18 8
8 46
46 77
4
49 18
18 8
8 46
46 77
50
1
9.0309828530
4
50 18
18 8
8 46
46 78
4
50 18
18 8
8 46
46 78
50
1
0.0191095300
4
50 18
18 8
8 30
30 62
4
50 18
18 8
8 30
30 62
51
1
105.4433112978
4
51 18
18 8
8 38
38 71
4
51 18
18 8
8 38
38 71
51
1
0.0004246873
4
51 18
18 8
8 22
22 54
4
51 18
18 8
8 22
22 54
48
1
0.0010304249
4
48 18
18 8
8 42
42 74
4
48 18
18 8
8 42
42 74
49
1
0.6659673030
4
49 18
18 8
8 26
26 59
4
49 18
18 8
8 26
26 59
48
1
0.0001352921
4
48 18
18 8
8 22
22 55
4
48 18
18 8
8 22
22 55
49
1
0.0037703136
4
49 18
18 8
8 30
30 62
4
49 18
18 8
8 30
30 62
50
1
0.0021557148
4
50 18
18 8
8 42
42 75
4
50 18
18 8
8 42
42 75
48
1
0.0143825770
4
48 18
18 8
8 30
30 63
4
48 18
18 8
8 30
30 63
49
1
3.1425883629
4
49 18
18 8
8 38
38 71
4
49 18
18 8
8 38
38 71
51
1
0.1386748532
4
51 18
18 8
8 34
34 66
4
51 18
18 8
8 34
34 66
50
1
4.4611042784
4
50 18
18 8
8 38
38 70
4
50 18
18 8
8 38
38 70
50
1
0.0006999657
4
50 18
18 8
8 46
46 76
4
50 18
18 8
8 46
46 76
49
1
0.0081166160
4
49 18
18 8
8 34
34 66
4
49 18
18 8
8 34
34 66
49
1
0.0569839569
4
49 18
18 8
8 38
38 70
4
49 18
18 8
8 38
38 70
48
1
0.0177903803
4
48 18
18 8
8 46
46 78
4
48 18
18 8
8 46
46 78
50
1
0.0066294769
4
50 18
18 8
8 22
22 53
4
50 18
18 8
8 22
22 53
51
1
0.0121839942
4
51 18
18 8
8 30
30 60
4
51 18
18 8
8 30
30 60
51
1
71.1915630345
4
51 18
18 8
8 34
34 66
4
51 18
18 8
8 34
34 66
49
1
0.3900272489
4
49 18
18 8
8 34
34 66
4
49 18
18 8
8 34
34 66
50
1
0.0023396564
4
50 18
18 8
8 38
38 68
4
50 18
18 8
8 38
38 68
48
1
0.0025440360
4
48 18
18 8
8 34
34 64
4
48 18
18 8
8 34
34 64
48
1
0.0008183188
4
48 18
18 8
8 38
38 71
4
48 18
18 8
8 38
38 71
49
1
125.7406436019
4
49 18
18 8
8 34
34 67
4
49 19
19 13
13 43
43 75
49
1
5.6148057046
4
49 18
18 8
8 34
34 65
4
49 18
18 8
8 34
34 65
56
1
132.0835599470
4
56 26
26 8
8 22
22 55
4
56 26
26 8
8 22
22 55
48
1
0.0023600944
4
48 18
18 8
8 42
42 72
4
48 18
18 8
8 42
42 72
48
1
0.6804904637
4
48 18
18 8
8 22
22 52
4
48 18
18 8
8 22
22 52
49
1
5.9993728467
4
49 18
18 8
8 46
46 77
4
49 18
18 8
8 46
46 77
49
1
0.0022170287
4
49 18
18 8
8 22
22 53
4
49 18
18 8
8 22
22 53
48
1
0.0031571748
4
48 18
18 8
8 34
34 65
4
48 18
18 8
8 34
34 65
49
1
0.0025644740
4
49 18
18 8
8 38
38 70
4
49 18
18 8
8 38
38 70
51
1
0.0004952715
4
51 18
18 8
8 26
26 58
4
51 18
18 8
8 26
26 58
50
1
0.7676294282
4
50 18
18 8
8 26
26 56
4
50 18
18 8
8 26
26 56
51
1
0.0024827222
4
51 18
18 8
8 22
22 52
4
51 18
18 8
8 22
22 52
50
1
0.0569839569
4
50 18
18 8
8 22
22 54
4
50 18
18 8
8 22
22 54
51
1
0.0018788494
4
51 18
18 8
8 38
38 71
4
51 18
18 8
8 38
38 71
50
1
0.0024418462
4
50 18
18 8
8 42
42 74
4
50 18
18 8
8 42
42 74
49
1
0.0439238097
4
49 18
18 8
8 22
22 55
4
49 18
18 8
8 22
22 55
48
1
0.4699046330
4
48 18
18 8
8 26
26 58
4
48 18
18 8
8 26
26 58
49
1
0.0008432725
4
49 18
18 8
8 42
42 73
4
49 18
18 8
8 42
42 73
48
1
0.0002552852
4
48 18
18 8
8 46
46 79
4
48 18
18 8
8 46
46 79
51
1
0.4771662134
4
51 18
18 8
8 46
46 76
4
51 18
18 8
8 46
46 76
51
1
0.0010054713
4
51 18
18 8
8 34
34 66
4
51 18
18 8
8 34
34 66
50
1
0.0013298689
4
50 18
18 8
8 22
22 52
4
50 18
18 8
8 22
22 52
51
1
0.0001423505
4
51 18
18 8
8 26
26 57
4
51 18
18 8
8 26
26 57
49
1
2.8129593840
4
49 18
18 8
8 30
30 60
4
49 18
18 8
8 30
30 60
49
1
0.0164712306
4
49 18
18 8
8 22
22 55
4
49 18
18 8
8 22
22 55
51
1
0.0170208763
4
51 18
18 8
8 38
38 70
4
51 18
18 8
8 38
38 70
49
1
0.0012550079
4
49 18
18 8
8 22
22 53
4
49 18
18 8
8 22
22 53
48
1
0.0048207941
4
48 18
18 8
8 26
26 57
4
48 18
18 8
8 26
26 57
48
1
0.2611700465
4
48 18
18 8
8 42
42 72
4
48 18
18 8
8 42
42 72
50
1
0.1745786168
4
50 18
18 8
8 34
34 65
4
50 18
18 8
8 34
34 65
49
1
0.3174114452
4
49 18
18 8
8 42
42 72
4
49 18
18 8
8 42
42 72
50
1
0.0004740963
4
50 18
18 8
8 26
26 59
4
50 18
18 8
8 26
26 59
50
1
0.0006576152
4
50 18
18 8
8 42
42 72
4
50 18
18 8
8 42
42 72
49
1
0.0165811598
4
49 18
18 8
8 26
26 58
4
49 18
18 8
8 26
26 58
49
1
0.0006858489
4
49 18
18 8
8 26
26 58
4
49 18
18 8
8 26
26 58
49
1
0.0036885618
4
49 18
18 8
8 42
42 75
4
49 18
18 8
8 42
42 75
49
1
1.1648144894
4
49 18
18 8
8 30
30 62
4
49 18
18 8
8 30
30 62
49
1
6.2191254993
4
49 18
18 8
8 26
26 59
4
49 18
18 8
8 26
26 59
49
1
0.0003611615
4
49 18
18 8
8 46
46 78
4
49 18
18 8
8 46
46 78
49
1
0.0020739630
4
49 18
18 8
8 38
38 68
4
49 18
18 8
8 38
38 68
49
1
0.6223978208
4
49 18
18 8
8 46
46 77
4
49 18
18 8
8 46
46 77
50
1
0.0066696698
4
50 18
18 8
8 42
42 75
4
50 18
18 8
8 42
42 75
48
1
4.0215989733
4
48 18
18 8
8 26
26 59
4
48 18
18 8
8 26
26 59
50
1
0.9927384196
4
50 18
18 8
8 22
22 52
4
50 18
18 8
8 22
22 52
51
1
0.0006929073
4
51 18
18 8
8 34
34 66
4
51 18
18 8
8 34
34 66
51
1
0.0074735288
4
51 18
18 8
8 22
22 54
4
51 18
18 8
8 22
22 54
49
1
0.0021761528
4
49 18
18 8
8 22
22 54
4
49 18
18 8
8 22
22 54
49
1
0.1091070480
4
49 18
18 8
8 46
46 77
4
49 18
18 8
8 46
46 77
48
1
0.1661306724
4
48 18
18 8
8 26
26 56
4
48 18
18 8
8 26
26 56
50
1
0.8111989104
4
50 18
18 8
8 38
38 71
4
50 18
18 8
8 38
38 71
49
1
0.0582899716
4
49 18
18 8
8 46
46 76
4
49 18
18 8
8 46
46 76
51
1
50.8942307304
4
51 18
18 8
8 46
46 77
4
51 18
18 8
8 46
46 77
48
1
0.0565486186
4
48 18
18 8
8 46
46 79
4
48 18
18 8
8 46
46 79
50
1
0.0009680408
4
50 18
18 8
8 34
34 66
4
50 18
18 8
8 34
34 66
48
1
0.0107549154
4
48 18
18 8
8 22
22 52
4
48 18
18 8
8 22
22 52
48
1
0.0569839569
4
48 18
18 8
8 30
30 63
4
48 18
18 8
8 30
30 63
49
1
0.0100953405
4
49 18
18 8
8 38
38 69
4
49 18
18 8
8 38
38 69
51
1
0.0021761528
4
51 18
18 8
8 46
46 76
4
51 18
18 8
8 46
46 76
48
1
0.0058658108
4
48 18
18 8
8 46
46 78
4
48 18
18 8
8 46
46 78
51
1
0.5933514993
4
51 18
18 8
8 34
34 67
4
51 18
18 8
8 34
34 67
49
1
0.0021965907
4
49 18
18 8
8 26
26 57
4
49 18
18 8
8 26
26 57
49
1
0.0347817066
4
49 18
18 8
8 42
42 72
4
49 18
18 8
8 42
42 72
50
1
0.2632820326
4
50 18
18 8
8 22
22 52
4
50 18
18 8
8 22
22 52
51
1
3.3074028523
4
51 18
18 8
8 30
30 61
4
51 18
18 8
8 30
30 61
48
1
0.0238982506
4
48 18
18 8
8 26
26 58
4
48 18
18 8
8 26
26 58
48
1
0.0097655531
4
48 18
18 8
8 34
34 66
4
48 18
18 8
8 34
34 66
50
1
0.0003682200
4
50 18
18 8
8 22
22 54
4
50 18
18 8
8 22
22 54
51
1
0.1217789645
4
51 18
18 8
8 42
42 73
4
51 18
18 8
8 42
42 73
49
1
0.0108648445
4
49 18
18 8
8 26
26 57
4
49 18
18 8
8 26
26 57
51
1
47.0884809233
4
51 18
18 8
8 26
26 56
4
51 18
18 8
8 26
26 56
49
1
0.0008183188
4
49 18
18 8
8 22
22 55
4
49 18
18 8
8 22
22 55
50
1
28.0597318882
4
50 18
18 8
8 30
30 63
4
50 18
18 8
8 30
30 63
50
1
0.0026871018
4
50 18
18 8
8 22
22 54
4
50 18
18 8
8 22
22 54
48
1
0.0063079332
4
48 18
18 8
8 30
30 62
4
48 18
18 8
8 30
30 62
48
1
0.0014172067
4
48 18
18 8
8 46
46 77
4
48 18
18 8
8 46
46 77
51
1
0.0066294769
4
51 18
18 8
8 26
26 58
4
51 18
18 8
8 26
26 58
49
1
0.0041375140
4
49 18
18 8
8 30
30 60
4
49 18
18 8
8 30
30 60
49
1
5.4499912151
4
49 18
18 8
8 38
38 68
4
49 18
18 8
8 38
38 68
51
1
0.0109747736
4
51 18
18 8
8 38
38 69
4
51 18
18 8
8 38
38 69
49
1
5.9444346835
4
49 18
18 8
8 22
22 55
4
49 18
18 8
8 22
22 55
48
1
113.0548109118
4
48 18
18 8
8 34
34 66
4
48 18
18 8
8 34
34 66
51
1
0.0031776128
4
51 18
18 8
8 26
26 56
4
51 18
18 8
8 26
26 56
50
1
4.4061661153
4
50 18
18 8
8 34
34 64
4
50 18
18 8
8 34
34 64
49
1
5.0654240731
4
49 18
18 8
8 46
46 77
4
49 18
18 8
8 46
46 77
49
1
48.3570641923
4
49 18
18 8
8 22
22 55
4
49 18
18 8
8 22
22 55
49
1
0.0482771921
4
49 18
18 8
8 26
26 59
4
49 18
18 8
8 26
26 59
51
1
0.0360877214
4
51 18
18 8
8 26
26 59
4
51 18
18 8
8 26
26 59
49
1
14.1053159291
4
49 18
18 8
8 30
30 63
4
49 18
18 8
8 30
30 63
51
1
0.1914745055
4
51 18
18 8
8 22
22 53
4
51 18
18 8
8 22
22 53
49
1
0.1154430063
4
49 18
18 8
8 38
38 71
4
49 18
18 8
8 38
38 71
49
1
0.0111946319
4
49 18
18 8
8 34
34 67
4
49 18
18 8
8 34
34 67
50
1
0.0035046202
4
50 18
18 8
8 30
30 61
4
50 18
18 8
8 30
30 61
49
1
0.0482771921
4
49 18
18 8
8 30
30 63
4
49 18
18 8
8 30
30 63
50
1
3.1425883629
4
50 18
18 8
8 42
42 72
4
50 18
18 8
8 42
42 72
49
1
0.0048207941
4
49 18
18 8
8 46
46 76
4
49 18
18 8
8 46
46 76
48
1
3.3623410155
4
48 18
18 8
8 34
34 64
4
48 18
18 8
8 34
34 64
49
1
0.0065490910
4
49 18
18 8
8 30
30 62
4
49 18
18 8
8 30
30 62
51
1
0.0006293815
4
51 18
18 8
8 26
26 56
4
51 18
18 8
8 26
26 56
49
1
0.0020285713
4
49 18
18 8
8 26
26 59
4
49 18
18 8
8 26
26 59
51
1
5.7246820309
4
51 18
18 8
8 22
22 52
4
51 18
18 8
8 22
22 52
48
1
0.0103151988
4
48 18
18 8
8 38
38 69
4
48 18
18 8
8 38
38 69
48
1
0.0006434983
4
48 18
18 8
8 34
34 64
4
48 18
18 8
8 34
34 64
48
1
0.6078746600
4
48 18
18 8
8 42
42 72
4
48 18
18 8
8 42
42 72
49
1
0.1513467698
4
49 18
18 8
8 42
42 75
4
49 18
18 8
8 42
42 75
50
1
0.4335967311
4
50 18
18 8
8 34
34 67
4
50 18
18 8
8 34
34 67
51
1
0.0017540811
4
51 18
18 8
8 34
34 67
4
51 18
18 8
8 34
34 67
49
1
0.0014920677
4
49 18
18 8
8 42
42 72
4
49 18
18 8
8 42
42 72
51
1
0.0022987805
4
51 18
18 8
8 42
42 75
4
51 18
18 8
8 42
42 75
50
1
0.1069950619
4
50 18
18 8
8 22
22 52
4
50 18
18 8
8 22
22 52
51
1
0.0117442776
4
51 18
18 8
8 30
30 63
4
51 18
18 8
8 30
30 63
51
1
49.6256474613
4
51 18
18 8
8 26
26 57
4
51 18
18 8
8 26
26 57
51
1
1.3845671420
4
51 18
18 8
8 22
22 52
4
51 18
18 8
8 22
22 52
48
1
0.1724666307
4
48 18
18 8
8 26
26 57
4
48 18
18 8
8 26
26 57
48
1
0.0028914814
4
48 18
18 8
8 34
34 66
4
48 18
18 8
8 34
34 66
49
1
1.9888869367
4
49 18
18 8
8 38
38 68
4
49 18
18 8
8 38
38 68
51
1
0.4699046330
4
51 18
18 8
8 30
30 60
4
51 18
18 8
8 30
30 60
48
1
0.0010179481
4
48 18
18 8
8 22
22 55
4
48 18
18 8
8 22
22 55
49
1
0.0130634273
4
49 18
18 8
8 30
30 62
4
49 18
18 8
8 30
30 62
48
1
0.1133310202
4
48 18
18 8
8 34
34 65
4
48 18
18 8
8 34
34 65
48
1
0.1978104638
4
48 18
18 8
8 38
38 70
4
48 18
18 8
8 38
38 70
50
1
0.0038725034
4
50 18
18 8
8 38
38 71
4
50 18
18 8
8 38
38 71
50
1
0.0076343006
4
50 18
18 8
8 38
38 70
4
50 18
18 8
8 38
38 70
48
1
0.1492347837
4
48 18
18 8
8 30
30 60
4
48 18
18 8
8 30
30 60
48
1
0.0413117802
4
48 18
18 8
8 30
30 63
4
48 18
18 8
8 30
30 63
51
1
0.0119641359
4
51 18
18 8
8 42
42 73
4
51 18
18 8
8 42
42 73
51
1
0.0013922530
4
51 18
18 8
8 34
34 67
4
51 18
18 8
8 34
34 67
51
1
45.8198976543
4
51 18
18 8
8 34
34 65
4
51 18
18 8
8 34
34 65
51
1
0.0018788494
4
51 18
18 8
8 34
34 65
4
51 18
18 8
8 34
34 65
49
1
0.0013173920
4
49 18
18 8
8 34
34 67
4
49 18
18 8
8 34
34 67
51
1
0.0012799615
4
51 18
18 8
8 30
30 63
4
51 18
18 8
8 30
30 63
51
1
0.1027710897
4
51 18
18 8
8 42
42 72
4
51 18
18 8
8 42
42 72
62
1
109.2490611048
4
62 31
31 12
12 39
39 69
4
62 31
31 12
12 39
39 69
51
1
0.0015294981
4
51 18
18 8
8 46
46 77
4
51 18
18 8
8 46
46 77
51
1
0.0094357657
4
51 18
18 8
8 42
42 75
4
51 18
18 8
8 42
42 75
49
1
1.8240724472
4
49 18
18 8
8 34
34 65
4
49 18
18 8
8 34
34 65
50
1
0.8039373300
4
50 18
18 8
8 34
34 66
4
50 18
18 8
8 34
34 66
50
1
0.0103151988
4
50 18
18 8
8 26
26 59
4
50 18
18 8
8 26
26 59
48
1
86.4145622626
4
48 18
18 8
8 46
46 77
4
48 18
18 8
8 46
46 77
49
1
0.4118119900
4
49 18
18 8
8 34
34 64
4
49 18
18 8
8 34
34 64
49
1
4.8456714205
4
49 18
18 8
8 38
38 68
4
49 18
18 8
8 38
38 68
48
1
0.0177903803
4
48 18
18 8
8 46
46 77
4
48 18
18 8
8 46
46 77
49
1
0.0070314063
4
49 18
18 8
8 34
34 66
4
49 18
18 8
8 34
34 66
50
1
0.0071117923
4
50 18
18 8
8 42
42 72
4
50 18
18 8
8 42
42 72
50
1
0.0025644740
4
50 18
18 8
8 34
34 64
4
50 18
18 8
8 34
34 64
51
1
0.5352588563
4
51 18
18 8
8 42
42 73
4
51 18
18 8
8 42
42 73
51
1
0.7313215263
4
51 18
18 8
8 34
34 64
4
51 18
18 8
8 34
34 64
51
1
1.6592579578
4
51 18
18 8
8 30
30 60
4
51 18
18 8
8 30
30 60
50
1
0.0037294377
4
50 18
18 11
11 42
42 74
4
50 18
18 11
11 42
42 74
48
1
0.0003399863
4
48 18
18 11
11 22
22 54
4
48 18
18 11
11 22
22 54
48
1
4.4611042784
4
48 18
18 11
11 26
26 57
4
48 18
18 11
11 26
26 57
49
1
5.8894965203
4
49 18
18 11
11 26
26 57
4
49 18
18 11
11 26
26 57
51
1
0.0053834954
4
51 18
18 11
11 30
30 60
4
51 18
18 11
11 30
30 60
51
1
2.0987632630
4
51 18
18 11
11 46
46 78
4
51 18
18 11
11 46
46 78
50
1
0.1513467698
4
50 18
18 11
11 34
34 64
4
50 18
18 11
11 34
34 64
49
1
0.0055844601
4
49 18
18 11
11 26
26 57
4
49 18
18 11
11 26
26 57
51
1
0.0837632149
4
51 18
18 11
11 30
30 63
4
51 18
18 11
11 30
30 63
48
1
0.0369583978
4
48 18
18 11
11 30
30 63
4
48 18
18 11
11 30
30 63
49
1
0.0131733564
4
49 18
18 11
11 34
34 65
4
49 18
18 11
11 34
34 65
49
1
0.7894141693
4
49 18
18 11
11 38
38 69
4
49 18
18 11
11 38
38 69
50
1
0.0124038525
4
50 18
18 11
11 38
38 71
4
50 18
18 11
11 38
38 71
49
1
110.5176443738
4
49 18
18 11
11 22
22 54
4
49 18
18 11
11 22
22 54
50
1
0.0378290743
4
50 18
18 11
11 22
22 54
4
50 18
18 11
11 22
22 54
51
1
1.9888869367
4
51 18
18 11
11 42
42 72
4
51 18
18 11
11 42
42 72
49
1
0.2400501856
4
49 18
18 11
11 22
22 52
4
49 18
18 11
11 22
22 52
50
1
0.4408583115
4
50 18
18 11
11 42
42 73
4
50 18
18 11
11 42
42 73
51
1
0.0017665579
4
51 18
18 11
11 34
34 65
4
51 18
18 11
11 34
34 65
49
1
0.0230275742
4
49 18
18 11
11 46
46 79
4
49 18
18 11
11 46
46 79
49
1
0.0015419750
4
49 18
18 11
11 42
42 75
4
49 18
18 11
11 42
42 75
50
1
3.3074028523
4
50 18
18 11
11 26
26 57
4
50 18
18 11
11 26
26 57
51
1
0.2358262134
4
51 18
18 11
11 42
42 72
4
51 18
18 11
11 42
42 72
48
1
0.0003611615
4
48 18
18 11
11 42
42 74
4
48 18
18 11
11 42
42 74
51
1
0.0158116558
4
51 18
18 11
11 38
38 68
4
51 18
18 11
11 38
38 68
50
1
0.0005376220
4
50 18
18 11
11 26
26 58
4
50 18
18 11
11 26
26 58
51
1
0.0040155692
4
51 18
18 11
11 30
30 61
4
51 18
18 11
11 30
30 61
50
1
0.0010429018
4
50 18
18 11
11 46
46 76
4
50 18
18 11
11 46
46 76
51
1
0.7821525889
4
51 18
18 11
11 30
30 60
4
51 18
18 11
11 30
30 60
48
1
0.0040973210
4
48 18
18 11
11 22
22 52
4
48 18
18 11
11 22
22 52
51
1
0.0081166160
4
51 18
18 11
11 42
42 73
4
51 18
18 11
11 42
42 73
51
1
1.3296289789
4
51 18
18 11
11 46
46 76
4
51 18
18 11
11 46
46 76
48
1
0.5425204367
4
48 18
18 11
11 34
34 66
4
48 18
18 11
11 34
34 66
51
1
76.2658961106
4
51 18
18 11
11 22
22 54
4
51 18
18 11
11 22
22 54
49
1
0.0129534982
4
49 18
18 11
11 26
26 58
4
49 18
18 11
11 26
26 58
51
1
0.0386997508
4
51 18
18 11
11 46
46 78
4
51 18
18 11
11 46
46 78
49
1
0.0173506638
4
49 18
18 11
11 42
42 72
4
49 18
18 11
11 42
42 72
50
1
0.2569460743
4
50 18
18 11
11 46
46 78
4
50 18
18 11
11 46
46 78
50
1
0.0001282337
4
50 18
18 11
11 46
46 77
4
50 18
18 11
11 46
46 77
49
1
0.0139428604
4
49 18
18 11
11 34
34 66
4
49 18
18 11
11 34
34 66
50
1
0.5715667582
4
50 18
18 11
11 38
38 68
4
50 18
18 11
11 38
38 68
48
1
0.0003541031
4
48 18
18 11
11 26
26 57
4
48 18
18 11
11 26
26 57
48
1
0.1407868393
4
48 18
18 11
11 46
46 76
4
48 18
18 11
11 46
46 76
50
1
0.0006364399
4
50 18
18 11
11 30
30 60
4
50 18
18 11
11 30
30 60
51
1
0.0023396564
4
51 18
18 11
11 34
34 64
4
51 18
18 11
11 34
34 64
51
1
0.0001211753
4
51 18
18 11
11 26
26 56
4
51 18
18 11
11 26
26 56
49
1
3.6919699943
4
49 18
18 11
11 46
46 77
4
49 18
18 11
11 46
46 77
50
1
34.4026482332
4
50 18
18 11
11 26
26 58
4
50 18
18 11
11 26
26 58
48
1
0.0225922359
4
48 18
18 11
11 30
30 60
4
48 18
18 11
11 30
30 60
50
1
0.1365628671
4
50 18
18 11
11 26
26 58
4
50 18
18 11
11 26
26 58
50
1
0.8184604908
4
50 18
18 11
11 42
42 73
4
50 18
18 11
11 42
42 73
50
1
0.0012175774
4
50 18
18 11
11 30
30 61
4
50 18
18 11
11 30
30 61
51
1
0.0017790347
4
51 18
18 11
11 42
42 72
4
51 18
18 11
11 42
42 72
49
1
0.0151520810
4
49 18
18 11
11 38
38 69
4
49 18
18 11
11 38
38 69
51
1
0.7313215263
4
51 18
18 11
11 38
38 70
4
51 18
18 11
11 38
38 70
50
1
0.9346457767
4
50 18
18 11
11 34
34 64
4
50 18
18 11
11 34
34 64
48
1
0.0008682261
4
48 18
18 11
11 42
42 72
4
48 18
18 11
11 42
42 72
50
1
0.0204155447
4
50 18
18 11
11 22
22 55
4
50 18
18 11
11 22
22 55
51
1
0.6877520441
4
51 18
18 11
11 22
22 55
4
51 18
18 11
11 22
22 55
48
1
0.0014047298
4
48 18
18 11
11 38
38 70
4
48 18
18 11
11 38
38 70
51
1
0.0191095300
4
51 18
18 11
11 26
26 59
4
51 18
18 11
11 26
26 59
50
1
109.2490611048
4
50 18
18 11
11 42
42 72
4
50 18
18 11
11 42
42 72
50
1
0.0131733564
4
50 18
18 11
11 38
38 69
4
50 18
18 11
11 38
38 69
49
1
0.8475068122
4
49 18
18 11
11 30
30 60
4
49 18
18 11
11 30
30 60
48
1
0.0021352768
4
48 18
18 11
11 38
38 68
4
48 18
18 11
11 38
38 68
48
1
0.0044590576
4
48 18
18 11
11 26
26 57
4
48 18
18 11
11 26
26 57
50
1
0.1999224499
4
50 18
18 11
11 26
26 58
4
50 18
18 11
11 26
26 58
48
1
5.4499912151
4
48 18
18 11
11 46
46 79
4
48 18
18 11
11 46
46 79
50
1
0.2379381995
4
50 18
18 11
11 34
34 67
4
50 18
18 11
11 34
34 67
51
1
0.0002835189
4
51 18
18 11
11 30
30 60
4
51 18
18 11
11 30
30 60
49
1
0.0539365892
4
49 18
18 11
11 22
22 55
4
49 18
18 11
11 22
22 55
49
1
0.1682426585
4
49 18
18 11
11 38
38 70
4
49 18
18 11
11 38
38 70
49
1
0.0334756919
4
49 18
18 11
11 38
38 71
4
49 18
18 11
11 38
38 71
48
1
0.0005376220
4
48 18
18 11
11 26
26 57
4
48 18
18 11
11 26
26 57
48
1
0.0108648445
4
48 18
18 11
11 38
38 70
4
48 18
18 11
11 38
38 70
49
1
0.0020410482
4
49 18
18 11
11 38
38 68
4
49 18
18 11
11 38
38 68
51
1
0.1766906029
4
51 18
18 11
11 46
46 77
4
51 18
18 11
11 46
46 77
49
1
5.5598675415
4
49 18
18 11
11 46
46 78
4
49 18
18 11
11 46
46 78
48
1
0.6223978208
4
48 18
18 11
11 22
22 52
4
48 18
18 11
11 22
22 52
51
1
0.9346457767
4
51 18
18 11
11 42
42 74
4
51 18
18 11
11 42
42 74
48
1
0.0595959863
4
48 18
18 11
11 42
42 73
4
48 18
18 11
11 42
42 73
48
1
55.9685638064
4
48 18
18 11
11 38
38 71
4
48 18
18 11
11 38
38 71
48
1
0.7966757496
4
48 18
18 11
11 38
38 68
4
48 18
18 11
11 38
38 68
48
1
0.0005940894
4
48 18
18 11
11 38
38 69
4
48 18
18 11
11 38
38 69
51
1
0.7676294282
4
51 18
18 11
11 30
30 63
4
51 18
18 11
11 30
30 63
48
1
0.0034024304
4
48 18
18 11
11 30
30 62
4
48 18
18 11
11 30
30 62
50
1
0.0001494089
4
50 18
18 11
11 46
46 76
4
50 18
18 11
11 46
46 76
50
1
4.0765371364
4
50 18
18 11
11 34
34 67
4
50 18
18 11
11 34
34 67
50
1
0.0035250581
4
50 18
18 11
11 34
34 66
4
50 18
18 11
11 34
34 66
51
1
3.8018463207
4
51 18
18 11
11 26
26 57
4
51 18
18 11
11 26
26 57
50
1
0.5860899189
4
50 18
18 11
11 30
30 60
4
50 18
18 11
11 30
30 60
50
1
0.2020344359
4
50 18
18 11
11 30
30 60
4
50 18
18 11
11 30
30 60
49
1
0.4553814723
4
49 18
18 11
11 46
46 76
4
49 18
18 11
11 46
46 76
48
1
0.0774272566
4
48 18
18 11
11 42
42 72
4
48 18
18 11
11 42
42 72
48
1
110.5176443738
4
48 18
18 11
11 38
38 71
4
48 18
18 11
11 38
38 71
51
1
125.7406436019
4
51 18
18 11
11 38
38 68
4
51 18
18 8
8 34
34 64
49
1
0.0132832856
4
49 18
18 11
11 22
22 53
4
49 18
18 11
11 22
22 53
50
1
0.1217789645
4
50 18
18 11
11 38
38 69
4
50 18
18 11
11 38
38 69
48
1
0.0023805324
4
48 18
18 11
11 46
46 78
4
48 18
18 11
11 46
46 78
48
1
0.0061069685
4
48 18
18 11
11 30
30 62
4
48 18
18 11
11 30
30 62
48
1
0.0073127570
4
48 18
18 11
11 38
38 69
4
48 18
18 11
11 38
38 69
49
1
0.1872505333
4
49 18
18 11
11 34
34 64
4
49 18
18 11
11 34
34 64
51
1
0.0039746932
4
51 18
18 11
11 46
46 78
4
51 18
18 11
11 46
46 78
49
1
0.0040155692
4
49 18
18 11
11 26
26 57
4
49 18
18 11
11 26
26 57
50
1
0.0033411165
4
50 18
18 11
11 42
42 73
4
50 18
18 11
11 42
42 73
50
1
0.0067500557
4
50 18
18 11
11 34
34 67
4
50 18
18 11
11 34
34 67
51
1
97.8318116837
4
51 18
18 11
11 34
34 66
4
51 18
18 11
11 34
34 66
50
1
0.0022579046
4
50 18
18 11
11 42
42 75
4
50 18
18 11
11 42
42 75
49
1
0.5933514993
4
49 18
18 11
11 34
34 65
4
49 18
18 11
11 34
34 65
49
1
0.5643051778
4
49 18
18 11
11 30
30 63
4
49 18
18 11
11 30
30 63
51
1
0.7821525889
4
51 18
18 11
11 38
38 69
4
51 18
18 11
11 38
38 69
51
1
0.2316022412
4
51 18
18 11
11 26
26 56
4
51 18
18 11
11 26
26 56
51
1
50.8942307304
4
51 18
18 11
11 38
38 69
4
51 18
18 11
11 38
38 69
49
1
0.0007987836
4
49 18
18 11
11 30
30 63
4
49 18
18 11
11 30
30 63
51
1
0.0015918823
4
51 18
18 11
11 26
26 57
4
51 18
18 11
11 26
26 57
50
1
0.9927384196
4
50 18
18 11
11 38
38 69
4
50 18
18 11
11 38
38 69
51
1
4.0215989733
4
51 18
18 11
11 38
38 70
4
51 18
18 11
11 38
38 70
48
1
0.0413117802
4
48 18
18 11
11 46
46 79
4
48 18
18 11
11 46
46 79
51
1
0.0004035121
4
51 18
18 11
11 22
22 55
4
51 18
18 11
11 22
22 55
51
1
5.1753003994
4
51 18
18 11
11 30
30 61
4
51 18
18 11
11 30
30 61
50
1
0.1302269089
4
50 18
18 11
11 34
34 67
4
50 18
18 11
11 34
34 67
50
1
0.0074333359
4
50 18
18 11
11 38
38 70
4
50 18
18 11
11 38
38 70
49
1
0.0013672994
4
49 18
18 11
11 42
42 72
4
49 18
18 11
11 42
42 72
51
1
0.0243335889
4
51 18
18 11
11 38
38 70
4
51 18
18 11
11 38
38 70
51
1
30.5968984262
4
51 18
18 11
11 26
26 58
4
51 18
18 11
11 26
26 58
51
1
0.0386997508
4
51 18
18 11
11 30
30 62
4
51 18
18 11
11 30
30 62
49
1
0.0025440360
4
49 18
18 11
11 46
46 78
4
49 18
18 11
11 46
46 78
49
1
2.9777738734
4
49 18
18 11
11 34
34 67
4
49 18
18 11
11 34
34 67
50
1
0.0135031439
4
50 18
18 11
11 34
34 67
4
50 18
18 11
11 34
34 67
51
1
0.0491478686
4
51 18
18 11
11 34
34 66
4
51 18
18 11
11 34
34 66
51
1
0.0330403537
4
51 18
18 11
11 46
46 78
4
51 18
18 11
11 46
46 78
48
1
1.9888869367
4
48 18
18 11
11 26
26 58
4
48 18
18 11
11 26
26 58
48
1
0.0005517389
4
48 18
18 11
11 34
34 66
4
48 18
18 11
11 34
34 66
51
1
0.0003470447
4
51 18
18 11
11 38
38 71
4
51 18
18 11
11 38
38 71
51
1
0.0001988179
4
51 18
18 11
11 42
42 72
4
51 18
18 11
11 42
42 72
48
1
48.3570641923
4
48 18
18 11
11 22
22 52
4
48 18
18 11
11 22
22 52
50
1
0.0006858489
4
50 18
18 11
11 22
22 55
4
50 18
18 11
11 22
22 55
49
1
3.1425883629
4
49 18
18 11
11 30
30 60
4
49 18
18 11
11 30
30 60
50
1
0.0014296835
4
50 18
18 11
11 38
38 71
4
50 18
18 11
11 38
38 71
48
1
0.0004740963
4
48 18
18 11
11 34
34 67
4
48 18
18 11
11 34
34 67
48
1
0.0312990007
4
48 18
18 11
11 42
42 74
4
48 18
18 11
11 42
42 74
50
1
0.0753152705
4
50 18
18 11
11 22
22 53
4
50 18
18 11
11 22
22 53
76
1
78.8030626486
4
76 46
46 8
8 42
42 72
4
76 46
46 8
8 42
42 72
51
1
0.0024214083
4
51 18
18 11
11 46
46 77
4
51 18
18 11
11 46
46 77
51
1
0.0013797762
4
51 18
18 11
11 26
26 56
4
51 18
18 11
11 26
26 56
48
1
0.0009929945
4
48 18
18 11
11 26
26 56
4
48 18
18 11
11 26
26 56
51
1
0.0004952715
4
51 18
18 11
11 42
42 73
4
51 18
18 11
11 42
42 73
49
1
5.1203622363
4
49 18
18 11
11 26
26 57
4
49 18
18 11
11 26
26 57
50
1
0.0552426039
4
50 18
18 11
11 34
34 67
4
50 18
18 11
11 34
34 67
51
1
4.6808569311
4
51 18
18 11
11 46
46 77
4
51 18
18 11
11 46
46 77
51
1
0.0195448682
4
51 18
18 11
11 30
30 60
4
51 18
18 11
11 30
30 60
48
1
0.0038111896
4
48 18
18 11
11 22
22 53
4
48 18
18 11
11 22
22 53
49
1
0.0025235981
4
49 18
18 11
11 34
34 65
4
49 18
18 11
11 34
34 65
50
1
0.5207356956
4
50 18
18 11
11 30
30 60
4
50 18
18 11
11 30
30 60
51
1
4.1864134627
4
51 18
18 11
11 22
22 52
4
51 18
18 11
11 22
22 52
66
1
123.2034770639
4
66 35
35 12
12 31
31 60
4
66 35
35 12
12 31
31 60
51
1
0.0439238097
4
51 18
18 11
11 46
46 78
4
51 18
18 11
11 46
46 78
51
1
0.0043384787
4
51 18
18 11
11 30
30 61
4
51 18
18 11
11 30
30 61
48
1
1.4395053052
4
48 18
18 11
11 22
22 53
4
48 18
18 11
11 22
22 53
50
1
0.1196669784
4
50 18
18 11
11 30
30 60
4
50 18
18 11
11 30
30 60
48
1
0.0003893952
4
48 18
18 11
11 34
34 65
4
48 18
18 11
11 34
34 65
50
1
0.0088861200
4
50 18
18 11
11 34
34 65
4
50 18
18 11
11 34
34 65
49
1
0.3972888293
4
49 18
18 11
11 26
26 58
4
49 18
18 11
11 26
26 58
51
1
0.0168010181
4
51 18
18 11
11 34
34 65
4
51 18
18 11
11 34
34 65
50
1
0.0008682261
4
50 18
18 11
11 42
42 73
4
50 18
18 11
11 42
42 73
75
1
88.9517288007
4
75 40
40 0
0 20
20 52
4
75 40
40 0
0 20
20 52
48
1
0.0006082062
4
48 18
18 11
11 30
30 63
4
48 18
18 11
11 30
30 63
48
1
0.0117442776
4
48 18
18 11
11 38
38 69
4
48 18
18 11
11 38
38 69
51
1
5.9993728467
4
51 18
18 11
11 46
46 76
4
51 18
18 11
11 46
46 76
48
1
2.4283922419
4
48 18
18 11
11 46
46 77
4
48 18
18 11
11 46
46 77
51
1
0.0004246873
4
51 18
18 11
11 38
38 69
4
51 18
18 11
11 38
38 69
51
1
0.0026871018
4
51 18
18 11
11 30
30 63
4
51 18
18 11
11 30
30 63
50
1
0.0027075397
4
50 18
18 11
11 30
30 63
4
50 18
18 11
11 30
30 63
51
1
0.0774272566
4
51 18
18 11
11 38
38 71
4
51 18
18 11
11 38
38 71
51
1
0.0587253098
4
51 18
18 11
11 22
22 55
4
51 18
18 11
11 22
22 55
48
1
0.0089960491
4
48 18
18 11
11 26
26 58
4
48 18
18 11
11 26
26 58
48
1
0.3972888293
4
48 18
18 11
11 30
30 62
4
48 18
18 11
11 30
30 62
48
1
0.0500185450
4
48 18
18 11
11 46
46 76
4
48 18
18 11
11 46
46 76
51
1
0.6296594011
4
51 18
18 11
11 26
26 56
4
51 18
18 11
11 26
26 56
50
1
0.0395704273
4
50 18
18 11
11 46
46 77
4
50 18
18 11
11 46
46 77
49
1
0.0006576152
4
49 18
18 11
11 30
30 63
4
49 18
18 11
11 30
30 63
49
1
0.0148222935
4
49 18
18 11
11 42
42 72
4
49 18
18 11
11 42
42 72
51
1
0.0008807030
4
51 18
18 11
11 38
38 68
4
51 18
18 11
11 38
38 68
49
1
0.0001494089
4
49 18
18 11
11 34
34 64
4
49 18
18 11
11 34
34 64
73
1
91.4888953387
4
73 40
40 0
0 36
36 70
4
73 40
40 0
0 36
36 70
48
1
3.9666608101
4
48 18
18 11
11 26
26 56
4
48 18
18 11
11 26
26 56
50
1
0.2611700465
4
50 18
18 11
11 30
30 63
4
50 18
18 11
11 30
30 63
56
1
107.9804778358
4
56 26
26 8
8 34
34 64
4
56 26
26 8
8 34
34 64
59
1
59.7743136134
4
59 27
27 12
12 31
31 62
4
59 27
27 12
12 31
31 62
48
1
0.1893625194
4
48 18
18 11
11 26
26 57
4
48 18
18 11
11 26
26 57
50
1
0.8402452319
4
50 18
18 11
11 30
30 63
4
50 18
18 11
11 30
30 63
51
1
1.2746908158
4
51 18
18 11
11 30
30 61
4
51 18
18 11
11 30
30 61
48
1
0.0097655531
4
48 18
18 11
11 42
42 72
4
48 18
18 11
11 42
42 72
51
1
0.0142726478
4
51 18
18 11
11 46
46 79
4
51 18
18 11
11 46
46 79
50
1
0.6659673030
4
50 18
18 11
11 34
34 64
4
50 18
18 11
11 34
34 64
50
1
0.1999224499
4
50 18
18 11
11 38
38 71
4
50 18
18 11
11 38
38 71
59
1
118.1291439879
4
59 24
24 0
0 32
32 67
4
59 24
24 0
0 32
32 67
48
1
0.0030141091
4
48 18
18 11
11 42
42 74
4
48 18
18 11
11 42
42 74
49
1
4.5160424416
4
49 18
18 11
11 42
42 72
4
49 18
18 11
11 42
42 72
48
1
0.0023805324
4
48 18
18 11
11 46
46 77
4
48 18
18 11
11 46
46 77
49
1
0.0016043591
4
49 18
18 11
11 38
38 70
4
49 18
18 11
11 38
38 70
48
1
0.0002552852
4
48 18
18 11
11 42
42 75
4
48 18
18 11
11 42
42 75
48
1
0.0002341100
4
48 18
18 11
11 30
30 62
4
48 18
18 11
11 30
30 62
49
1
2.3185159156
4
49 18
18 11
11 42
42 72
4
49 18
18 11
11 42
42 72
51
1
0.0774272566
4
51 18
18 11
11 34
34 67
4
51 18
18 11
11 34
34 67
53
1
34.4026482332
4
53 22
22 8
8 38
38 69
4
53 22
22 8
8 38
38 69
51
1
1.8240724472
4
51 18
18 11
11 34
34 64
4
51 18
18 11
11 34
34 64
48
1
0.0443591479
4
48 18
18 11
11 22
22 55
4
48 18
18 11
11 22
22 55
50
1
0.7458446870
4
50 18
18 11
11 42
42 73
4
50 18
18 11
11 42
42 73
49
1
4.5709806047
4
49 18
18 11
11 34
34 66
4
49 18
18 11
11 34
34 66
50
1
0.0015794055
4
50 18
18 11
11 46
46 77
4
50 18
18 11
11 46
46 77
51
1
0.0041375140
4
51 18
18 11
11 46
46 78
4
51 18
18 11
11 46
46 78
48
1
4.0215989733
4
48 18
18 11
11 22
22 55
4
48 18
18 11
11 22
22 55
50
1
0.0007493746
4
50 18
18 11
11 42
42 72
4
50 18
18 11
11 42
42 72
51
1
0.0574192951
4
51 18
18 11
11 42
42 73
4
51 18
18 11
11 42
42 73
50
1
0.0019911408
4
50 18
18 11
11 34
34 67
4
50 18
18 11
11 34
34 67
50
1
0.0042982858
4
50 18
18 11
11 46
46 76
4
50 18
18 11
11 46
46 76
48
1
0.0326050154
4
48 18
18 11
11 30
30 60
4
48 18
18 11
11 30
30 60
51
1
0.0578546334
4
51 18
18 11
11 38
38 68
4
51 18
18 11
11 38
38 68
49
1
0.0013922530
4
49 18
18 11
11 38
38 68
4
49 18
18 11
11 38
38 68
49
1
0.0469711774
4
49 18
18 11
11 34
34 65
4
49 18
18 11
11 34
34 65
50
1
0.0113045611
4
50 18
18 11
11 30
30 61
4
50 18
18 11
11 30
30 61
51
1
0.0035659340
4
51 18
18 11
11 30
30 61
4
51 18
18 11
11 30
30 61
49
1
2.3185159156
4
49 18
18 11
11 22
22 52
4
49 18
18 11
11 22
22 52
48
1
2.3185159156
4
48 18
18 11
11 42
42 75
4
48 18
18 11
11 42
42 75
49
1
4.6259187679
4
49 18
18 11
11 34
34 64
4
49 18
18 11
11 34
34 64
48
1
0.0006364399
4
48 18
18 11
11 46
46 77
4
48 18
18 11
11 46
46 77
50
1
0.0230275742
4
50 18
18 11
11 46
46 78
4
50 18
18 11
11 46
46 78
49
1
0.0007634915
4
49 18
18 11
11 42
42 75
4
49 18
18 11
11 42
42 75
48
1
0.0003046942
4
48 18
18 11
11 34
34 65
4
48 18
18 11
11 34
34 65
49
1
0.5279972760
4
49 18
18 11
11 42
42 74
4
49 18
18 11
11 42
42 74
56
1
31.8654816952
4
56 27
27 12
12 47
47 76
4
56 27
27 12
12 47
47 76
50
1
0.0044188646
4
50 18
18 11
11 34
34 64
4
50 18
18 11
11 34
34 64
63
1
74.9973128415
4
63 29
29 4
4 45
45 78
4
63 29
29 4
4 45
45 78
48
1
0.0012051006
4
48 18
18 11
11 30
30 60
4
48 18
18 11
11 30
30 60
48
1
0.9273841963
4
48 18
18 11
11 42
42 73
4
48 18
18 11
11 42
42 73
51
1
0.0041777069
4
51 17
17 4
4 37
37 68
4
51 17
17 4
4 37
37 68
50
1
2.8129593840
4
50 17
17 4
4 45
45 77
4
50 17
17 4
4 45
45 77
48
1
0.6877520441
4
48 17
17 4
4 21
21 55
4
48 17
17 4
4 21
21 55
49
1
0.7313215263
4
49 17
17 4
4 29
29 60
4
49 17
17 4
4 29
29 60
50
1
0.0408764420
4
50 17
17 4
4 37
37 69
4
50 17
17 4
4 37
37 69
48
1
0.6441825619
4
48 17
17 4
4 21
21 52
4
48 17
17 4
4 21
21 52
50
1
25.5225653501
4
50 17
17 4
4 25
25 56
4
50 17
17 4
4 25
25 56
50
1
38.2083980403
4
50 17
17 4
4 45
45 76
4
50 17
17 4
4 45
45 76
48
1
0.0095456948
4
48 17
17 4
4 33
33 66
4
48 17
17 4
4 33
33 66
51
1
0.8620299730
4
51 17
17 4
4 41
41 73
4
51 17
17 4
4 41
41 73
49
1
92.7574786077
4
49 17
17 4
4 29
29 60
4
49 17
17 4
4 29
29 60
48
1
14.1053159291
4
48 17
17 4
4 45
45 79
4
48 17
17 4
4 45
45 79
49
1
0.0077548795
4
49 17
17 4
4 45
45 76
4
49 17
17 4
4 45
45 76
50
1
0.0400057655
4
50 17
17 4
4 25
25 57
4
50 17
17 4
4 25
25 57
50
1
0.3028882845
4
50 17
17 4
4 33
33 66
4
50 17
17 4
4 33
33 66
50
1
5.0104859099
4
50 17
17 4
4 33
33 65
4
50 17
17 4
4 33
33 65
51
1
0.0430531332
4
51 17
17 4
4 29
29 62
4
51 17
17 4
4 29
29 62
49
1
0.0005658557
4
49 17
17 4
4 33
33 67
4
49 17
17 4
4 33
33 67
51
1
4.1314752995
4
51 17
17 4
4 21
21 54
4
51 17
17 4
4 21
21 54
49
1
87.6831455316
4
49 17
17 4
4 41
41 75
4
49 17
17 4
4 41
41 75
48
1
0.0155917975
4
48 17
17 4
4 29
29 60
4
48 17
17 4
4 29
29 60
49
1
0.1724666307
4
49 17
17 4
4 21
21 54
4
49 17
17 4
4 21
21 54
50
1
0.0491478686
4
50 17
17 4
4 29
29 60
4
50 17
17 4
4 29
29 60
49
1
0.0015170213
4
49 17
17 4
4 25
25 57
4
49 17
17 4
4 25
25 57
51
1
0.0038520655
4
51 17
17 4
4 21
21 53
4
51 17
17 4
4 21
21 53
51
1
109.2490611048
4
51 17
17 4
4 29
29 60
4
51 17
17 4
4 29
29 60
50
1
0.0008058420
4
50 17
17 4
4 45
45 78
4
50 17
17 4
4 45
45 78
50
1
0.2168183386
4
50 17
17 4
4 45
45 77
4
50 17
17 4
4 45
45 77
48
1
0.0006364399
4
48 17
17 4
4 41
41 75
4
48 17
17 4
4 41
41 75
50
1
0.0108648445
4
50 17
17 4
4 25
25 56
4
50 17
17 4
4 25
25 56
48
1
0.0033615544
4
48 17
17 4
4 29
29 62
4
48 17
17 4
4 29
29 62
51
1
0.0149322227
4
51 17
17 4
4 45
45 76
4
51 17
17 4
4 45
45 76
48
1
96.5632284147
4
48 17
17 4
4 25
25 59
4
48 17
17 4
4 25
25 59
51
1
0.0144925061
4
51 17
17 4
4 37
37 68
4
51 17
17 4
4 37
37 68
49
1
0.0001352921
4
49 17
17 4
4 33
33 66
4
49 17
17 4
4 33
33 66
51
1
0.0017041738
4
51 17
17 4
4 45
45 79
4
51 17
17 4
4 45
45 79
49
1
24.2539820811
4
49 17
17 4
4 29
29 61
4
49 17
17 4
4 29
29 61
50
1
2.4283922419
4
50 17
17 4
4 41
41 75
4
50 17
17 4
4 41
41 75
51
1
5.5049293783
4
51 17
17 4
4 29
29 62
4
51 17
17 4
4 29
29 62
48
1
0.5643051778
4
48 17
17 4
4 45
45 79
4
48 17
17 4
4 45
45 79
48
1
0.2527221021
4
48 17
17 4
4 41
41 74
4
48 17
17 4
4 41
41 74
48
1
0.0478418538
4
48 17
17 4
4 45
45 76
4
48 17
17 4
4 45
45 76
51
1
0.0668673262
4
51 17
17 4
4 33
33 67
4
51 17
17 4
4 33
33 67
48
1
0.7385831067
4
48 17
17 4
4 33
33 67
4
48 17
17 4
4 33
33 67
49
1
0.0070314063
4
49 17
17 4
4 45
45 77
4
49 17
17 4
4 45
45 77
51
1
0.0082265451
4
51 17
17 4
4 29
29 62
4
51 17
17 4
4 29
29 62
49
1
20.4482322741
4
49 17
17 4
4 21
21 53
4
49 17
17 4
4 21
21 53
48
1
0.0027892916
4
48 17
17 4
4 41
41 75
4
48 17
17 4
4 41
41 75
48
1
0.0065088980
4
48 17
17 4
4 45
45 76
4
48 17
17 4
4 45
45 76
49
1
0.2463861438
4
49 17
17 4
4 37
37 69
4
49 17
17 4
4 37
37 69
51
1
0.0006223231
4
51 17
17 4
4 45
45 76
4
51 17
17 4
4 45
45 76
49
1
0.0010179481
4
49 17
17 4
4 45
45 76
4
49 17
17 4
4 45
45 76
50
1
0.6514441422
4
50 17
17 4
4 45
45 79
4
50 17
17 4
4 45
45 79
49
1
0.0030141091
4
49 17
17 4
4 21
21 55
4
49 17
17 4
4 21
21 55
48
1
62.3114801514
4
48 17
17 4
4 37
37 68
4
48 17
17 4
4 37
37 68
49
1
0.0400057655
4
49 17
17 4
4 33
33 64
4
49 17
17 4
4 33
33 64
51
1
0.0434884714
4
51 17
17 4
4 21
21 52
4
51 17
17 4
4 21
21 52
50
1
0.0006858489
4
50 17
17 4
4 25
25 59
4
50 17
17 4
4 25
25 59
50
1
1.9339487736
4
50 17
17 4
4 21
21 55
4
50 17
17 4
4 21
21 55
49
1
0.0040564451
4
49 17
17 4
4 41
41 73
4
49 17
17 4
4 41
41 73
50
1
0.0024009703
4
50 17
17 4
4 37
37 71
4
50 17
17 4
4 37
37 71
50
1
0.3537193471
4
50 17
17 4
4 37
37 68
4
50 17
17 4
4 37
37 68
49
1
0.1069950619
4
49 17
17 4
4 21
21 53
4
49 17
17 4
4 21
21 53
51
1
0.5643051778
4
51 17
17 4
4 45
45 76
4
51 17
17 4
4 45
45 76
50
1
0.5933514993
4
50 17
17 4
4 25
25 57
4
50 17
17 4
4 25
25 57
48
1
0.0040360071
4
48 17
17 4
4 37
37 69
4
48 17
17 4
4 37
37 69
48
1
0.0013298689
4
48 17
17 4
4 37
37 68
4
48 17
17 4
4 37
37 68
48
1
0.0020285713
4
48 17
17 4
4 45
45 76
4
48 17
17 4
4 45
45 76
49
1
0.1851385472
4
49 17
17 4
4 45
45 77
4
49 17
17 4
4 45
45 77
48
1
2.0438250999
4
48 17
17 4
4 25
25 58
4
48 17
17 4
4 25
25 58
51
1
0.0043786716
4
51 17
17 4
4 21
21 52
4
51 17
17 4
4 21
21 52
49
1
0.0021148389
4
49 17
17 4
4 41
41 75
4
49 17
17 4
4 41
41 75
50
1
3.8018463207
4
50 17
17 4
4 45
45 79
4
50 17
17 4
4 45
45 79
48
1
0.0016417896
4
48 17
17 4
4 29
29 60
4
48 17
17 4
4 29
29 60
49
1
0.0069912134
4
49 17
17 4
4 33
33 65
4
49 17
17 4
4 33
33 65
48
1
0.1302269089
4
48 17
17 4
4 41
41 75
4
48 17
17 4
4 41
41 75
51
1
0.0007211410
4
51 17
17 4
4 41
41 74
4
51 17
17 4
4 41
41 74
48
1
0.0028097295
4
48 17
17 4
4 29
29 63
4
48 17
17 4
4 29
29 63
48
1
0.0008557493
4
48 17
17 4
4 45
45 78
4
48 17
17 4
4 45
45 78
49
1
29.3283151572
4
49 17
17 4
4 29
29 61
4
49 17
17 4
4 29
29 61
51
1
0.0023600944
4
51 17
17 4
4 33
33 66
4
51 17
17 4
4 33
33 66
49
1
0.0008307957
4
49 17
17 4
4 33
33 64
4
49 17
17 4
4 33
33 64
51
1
0.1597947141
4
51 17
17 4
4 25
25 56
4
51 17
17 4
4 25
25 56
48
1
0.0710912984
4
48 17
17 4
4 29
29 60
4
48 17
17 4
4 29
29 60
49
1
4.5709806047
4
49 17
17 4
4 25
25 56
4
49 17
17 4
4 25
25 56
51
1
0.0234629124
4
51 17
17 4
4 29
29 61
4
51 17
17 4
4 29
29 61
48
1
128.2778101400
4
48 17
17 4
4 25
25 57
4
48 18
18 11
11 22
22 53
49
1
2.8678975471
4
49 17
17 4
4 33
33 64
4
49 17
17 4
4 33
33 64
48
1
0.0122939233
4
48 17
17 4
4 41
41 72
4
48 17
17 4
4 41
41 72
49
1
0.0021761528
4
49 17
17 4
4 25
25 59
4
49 17
17 4
4 25
25 59
48
1
0.0365230596
4
48 17
17 4
4 29
29 62
4
48 17
17 4
4 29
29 62
51
1
0.1133310202
4
51 17
17 4
4 37
37 70
4
51 17
17 4
4 37
37 70
49
1
0.0038725034
4
49 17
17 4
4 33
33 66
4
49 17
17 4
4 33
33 66
48
1
0.0007634915
4
48 17
17 4
4 33
33 64
4
48 17
17 4
4 33
33 64
51
1
0.0175705220
4
51 17
17 4
4 45
45 76
4
51 17
17 4
4 45
45 76
48
1
0.1978104638
4
48 17
17 4
4 33
33 64
4
48 17
17 4
4 33
33 64
51
1
0.0034433063
4
51 17
17 4
4 37
37 71
4
51 17
17 4
4 37
37 71
51
1
0.0041375140
4
51 17
17 4
4 45
45 76
4
51 17
17 4
4 45
45 76
48
1
0.9419073570
4
48 17
17 4
4 29
29 63
4
48 17
17 4
4 29
29 63
49
1
0.0006787904
4
49 17
17 4
4 45
45 79
4
49 17
17 4
4 45
45 79
48
1
0.0053433025
4
48 17
17 4
4 41
41 72
4
48 17
17 4
4 41
41 72
51
1
0.0008807030
4
51 17
17 4
4 25
25 58
4
51 17
17 4
4 25
25 58
48
1
0.0005376220
4
48 17
17 4
4 25
25 57
4
48 17
17 4
4 25
25 57
50
1
0.0535012510
4
50 17
17 4
4 37
37 69
4
50 17
17 4
4 37
37 69
49
1
0.6732288833
4
49 17
17 4
4 37
37 70
4
49 17
17 4
4 37
37 70
51
1
0.0003188110
4
51 17
17 4
4 21
21 55
4
51 17
17 4
4 21
21 55
51
1
72.4601463035
4
51 17
17 4
4 45
45 78
4
51 17
17 4
4 45
45 78
51
1
0.1914745055
4
51 17
17 4
4 33
33 65
4
51 17
17 4
4 33
33 65
48
1
0.0122939233
4
48 17
17 4
4 37
37 69
4
48 17
17 4
4 37
37 69
50
1
0.0026666638
4
50 17
17 4
4 41
41 75
4
50 17
17 4
4 41
41 75
48
1
0.1830265611
4
48 17
17 4
4 37
37 71
4
48 17
17 4
4 37
37 71
49
1
0.0151520810
4
49 17
17 4
4 41
41 73
4
49 17
17 4
4 41
41 73
50
1
0.0010928091
4
50 17
17 4
4 21
21 53
4
50 17
17 4
4 21
21 53
51
1
0.0326050154
4
51 17
17 4
4 41
41 73
4
51 17
17 4
4 41
41 73
50
1
0.0034841822
4
50 17
17 4
4 33
33 64
4
50 17
17 4
4 33
33 64
50
1
0.0115244193
4
50 17
17 4
4 21
21 52
4
50 17
17 4
4 21
21 52
50
1
0.0019412335
4
50 17
17 4
4 33
33 64
4
50 17
17 4
4 33
33 64
50
1
48.3570641923
4
50 17
17 4
4 25
25 59
4
50 17
17 4
4 25
25 59
49
1
0.0269456183
4
49 17
17 4
4 37
37 69
4
49 17
17 4
4 37
37 69
48
1
0.0012924384
4
48 17
17 4
4 21
21 52
4
48 17
17 4
4 21
21 52
50
1
0.3319346060
4
50 17
17 4
4 45
45 76
4
50 17
17 4
4 45
45 76
48
1
0.7022752048
4
48 17
17 4
4 37
37 70
4
48 17
17 4
4 37
37 70
51
1
0.0543719274
4
51 17
17 4
4 29
29 63
4
51 17
17 4
4 29
29 63
48
1
0.5279972760
4
48 17
17 4
4 37
37 70
4
48 17
17 4
4 37
37 70
49
1
0.0008807030
4
49 17
17 4
4 25
25 59
4
49 17
17 4
4 25
25 59
48
1
0.0029936712
4
48 17
17 4
4 33
33 64
4
48 17
17 4
4 33
33 64
50
1
0.0036885618
4
50 17
17 4
4 37
37 71
4
50 17
17 4
4 37
37 71
48
1
0.2811035434
4
48 17
17 4
4 37
37 68
4
48 17
17 4
4 37
37 68
50
1
99.1003949527
4
50 17
17 4
4 37
37 71
4
50 17
17 4
4 37
37 71
48
1
0.0243335889
4
48 17
17 7
7 33
33 64
4
48 17
17 7
7 33
33 64
48
1
0.1281149228
4
48 17
17 7
7 29
29 61
4
48 17
17 7
7 29
29 61
49
1
0.0212862212
4
49 17
17 7
7 29
29 60
4
49 17
17 7
7 29
29 60
48
1
0.9419073570
4
48 17
17 7
7 41
41 75
4
48 17
17 7
7 41
41 75
51
1
0.1238909506
4
51 17
17 7
7 33
33 67
4
51 17
17 7
7 33
33 67
51
1
0.0022374666
4
51 17
17 7
7 29
29 61
4
51 17
17 7
7 29
29 61
50
1
0.4626430526
4
50 17
17 7
7 45
45 76
4
50 17
17 7
7 45
45 76
48
1
113.0548109118
4
48 17
17 7
7 33
33 65
4
48 17
17 7
7 33
33 65
50
1
0.0038520655
4
50 17
17 7
7 41
41 72
4
50 17
17 7
7 41
41 72
50
1
0.1914745055
4
50 17
17 7
7 33
33 66
4
50 17
17 7
7 33
33 66
51
1
0.0151520810
4
51 17
17 7
7 29
29 63
4
51 17
17 7
7 29
29 63
50
1
35.6712315022
4
50 17
17 7
7 29
29 63
4
50 17
17 7
7 29
29 63
49
1
2.7030830576
4
49 17
17 7
7 41
41 72
4
49 17
17 7
7 41
41 72
51
1
0.4045504097
4
51 17
17 7
7 21
21 54
4
51 17
17 7
7 21
21 54
48
1
0.0837632149
4
48 17
17 7
7 41
41 72
4
48 17
17 7
7 41
41 72
51
1
74.9973128415
4
51 17
17 7
7 33
33 65
4
51 17
17 7
7 33
33 65
49
1
0.0061471615
4
49 17
17 7
7 25
25 57
4
49 17
17 7
7 25
25 57
48
1
0.6877520441
4
48 17
17 7
7 45
45 76
4
48 17
17 7
7 45
45 76
50
1
40.7455645783
4
50 17
17 7
7 21
21 53
4
50 17
17 7
7 21
21 53
48
1
0.0044992505
4
48 17
17 7
7 37
37 71
4
48 17
17 7
7 37
37 71
49
1
0.0020944009
4
49 17
17 7
7 37
37 68
4
49 17
17 7
7 37
37 68
50
1
0.5497820171
4
50 17
17 7
7 37
37 69
4
50 17
17 7
7 37
37 69
50
1
0.0032389267
4
50 17
17 7
7 25
25 57
4
50 17
17 7
7 25
25 57
50
1
0.2463861438
4
50 17
17 7
7 45
45 79
4
50 17
17 7
7 45
45 79
48
1
116.8605607189
4
48 17
17 7
7 37
37 68
4
48 17
17 7
7 37
37 68
48
1
0.1788025890
4
48 17
17 7
7 33
33 66
4
48 17
17 7
7 33
33 66
51
1
0.0044992505
4
51 17
17 7
7 41
41 72
4
51 17
17 7
7 41
41 72
51
1
0.0617726775
4
51 17
17 7
7 33
33 66
4
51 17
17 7
7 33
33 66
49
1
0.0109747736
4
49 17
17 7
7 45
45 79
4
49 17
17 7
7 45
45 79
51
1
0.0753152705
4
51 17
17 7
7 33
33 66
4
51 17
17 7
7 33
33 66
48
1
0.1407868393
4
48 17
17 7
7 29
29 60
4
48 17
17 7
7 29
29 60
50
1
0.0069912134
4
50 17
17 7
7 29
29 61
4
50 17
17 7
7 29
29 61
49
1
0.4118119900
4
49 17
17 7
7 25
25 57
4
49 17
17 7
7 25
25 57
49
1
0.7385831067
4
49 17
17 7
7 41
41 73
4
49 17
17 7
7 41
41 73
50
1
101.6375614907
4
50 17
17 7
7 37
37 70
4
50 17
17 7
7 37
37 70
49
1
0.0104251279
4
49 17
17 7
7 21
21 52
4
49 17
17 7
7 21
21 52
51
1
80.0716459176
4
51 17
17 7
7 41
41 73
4
51 17
17 7
7 41
41 73
48
1
6.1641873361
4
48 17
17 7
7 29
29 60
4
48 17
17 7
7 29
29 60
49
1
0.0051825307
4
49 17
17 7
7 45
45 76
4
49 17
17 7
7 45
45 76
50
1
0.2632820326
4
50 17
17 7
7 37
37 69
4
50 17
17 7
7 37
37 69
51
1
0.0006505568
4
51 17
17 7
7 45
45 76
4
51 17
17 7
7 45
45 76
50
1
0.0010304249
4
50 17
17 7
7 41
41 75
4
50 17
17 7
7 41
41 75
50
1
0.0002341100
4
50 17
17 7
7 45
45 77
4
50 17
17 7
7 45
45 77
49
1
47.0884809233
4
49 17
17 7
7 37
37 69
4
49 17
17 7
7 37
37 69
48
1
6.4938163150
4
48 17
17 7
7 45
45 76
4
48 17
17 7
7 45
45 76
50
1
0.0252042654
4
50 17
17 7
7 37
37 70
4
50 17
17 7
7 37
37 70
49
1
2.6481448945
4
49 17
17 7
7 41
41 75
4
49 17
17 7
7 41
41 75
51
1
0.0007352578
4
51 17
17 7
7 21
21 52
4
51 17
17 7
7 21
21 52
49
1
0.0002482268
4
49 17
17 7
7 25
25 58
4
49 17
17 7
7 25
25 58
49
1
102.9061447598
4
49 17
17 7
7 41
41 72
4
49 17
17 7
7 41
41 72
49
1
0.0006858489
4
49 17
17 7
7 45
45 77
4
49 17
17 7
7 45
45 77
49
1
0.0053031095
4
49 17
17 7
7 41
41 74
4
49 17
17 7
7 41
41 74
50
1
0.0075941077
4
50 17
17 7
7 37
37 69
4
50 17
17 7
7 37
37 69
48
1
0.0010678554
4
48 17
17 7
7 25
25 59
4
48 17
17 7
7 25
25 59
48
1
0.0164712306
4
48 17
17 7
7 41
41 73
4
48 17
17 7
7 41
41 73
49
1
0.8765531337
4
49 17
17 7
7 25
25 58
4
49 17
17 7
7 25
25 58
49
1
0.0140527896
4
49 17
17 7
7 29
29 63
4
49 17
17 7
7 29
29 63
51
1
50.8942307304
4
51 17
17 7
7 25
25 56
4
51 17
17 7
7 25
25 56
50
1
0.0057854249
4
50 17
17 7
7 21
21 53
4
50 17
17 7
7 21
21 53
50
1
0.3319346060
4
50 17
17 7
7 37
37 71
4
50 17
17 7
7 37
37 71
49
1
0.0154818684
4
49 17
17 7
7 37
37 71
4
49 17
17 7
7 37
37 71
48
1
0.0034637442
4
48 17
17 7
7 25
25 56
4
48 17
17 7
7 25
25 56
48
1
0.0010179481
4
48 17
17 7
7 41
41 75
4
48 17
17 7
7 41
41 75
48
1
0.0009430871
4
48 17
17 7
7 29
29 61
4
48 17
17 7
7 29
29 61
48
1
124.4720603329
4
48 17
17 7
7 25
25 57
4
48 17
17 4
4 21
21 53
51
1
0.0086662617
4
51 17
17 7
7 33
33 65
4
51 17
17 7
7 33
33 65
49
1
0.0144925061
4
49 17
17 7
7 21
21 54
4
49 17
17 7
7 21
21 54
50
1
0.0014047298
4
50 17
17 7
7 25
25 57
4
50 17
17 7
7 25
25 57
48
1
0.0100953405
4
48 17
17 7
7 29
29 63
4
48 17
17 7
7 29
29 63
51
1
0.0055844601
4
51 17
17 7
7 37
37 70
4
51 17
17 7
7 37
37 70
49
1
38.2083980403
4
49 17
17 7
7 45
45 79
4
49 17
17 7
7 45
45 79
50
1
0.0162513724
4
50 17
17 7
7 25
25 58
4
50 17
17 7
7 25
25 58
50
1
0.0006929073
4
50 17
17 7
7 21
21 54
4
50 17
17 7
7 21
21 54
51
1
3.1425883629
4
51 17
17 7
7 41
41 72
4
51 17
17 7
7 41
41 72
48
1
0.9419073570
4
48 17
17 7
7 21
21 53
4
48 17
17 7
7 21
21 53
48
1
0.0075137218
4
48 17
17 7
7 41
41 72
4
48 17
17 7
7 41
41 72
51
1
0.0029323573
4
51 17
17 7
7 21
21 54
4
51 17
17 7
7 21
21 54
51
1
0.0039133794
4
51 17
17 7
7 21
21 53
4
51 17
17 7
7 21
21 53
51
1
0.0001564674
4
51 17
17 7
7 33
33 65
4
51 17
17 7
7 33
33 65
51
1
0.0031367369
4
51 17
17 7
7 33
33 65
4
51 17
17 7
7 33
33 65
51
1
0.0049011800
4
51 17
17 7
7 21
21 55
4
51 17
17 7
7 21
21 55
48
1
0.0004952715
4
48 17
17 7
7 21
21 54
4
48 17
17 7
7 21
21 54
49
1
0.0595959863
4
49 17
17 7
7 37
37 69
4
49 17
17 7
7 37
37 69
51
1
0.0001847010
4
51 17
17 7
7 25
25 56
4
51 17
17 7
7 25
25 56
51
1
0.2738419630
4
51 17
17 7
7 37
37 71
4
51 17
17 7
7 37
37 71
51
1
0.0051423377
4
51 17
17 7
7 25
25 59
4
51 17
17 7
7 25
25 59
48
1
0.1069950619
4
48 17
17 7
7 45
45 76
4
48 17
17 7
7 45
45 76
51
1
0.0031367369
4
51 17
17 7
7 45
45 78
4
51 17
17 7
7 45
45 78
50
1
0.0539365892
4
50 17
17 7
7 45
45 77
4
50 17
17 7
7 45
45 77
48
1
0.0647553401
4
48 17
17 7
7 29
29 61
4
48 17
17 7
7 29
29 61
50
1
0.0617726775
4
50 17
17 7
7 21
21 53
4
50 17
17 7
7 21
21 53
49
1
0.0115244193
4
49 17
17 7
7 45
45 77
4
49 17
17 7
7 45
45 77
48
1
0.1365628671
4
48 17
17 7
7 33
33 65
4
48 17
17 7
7 33
33 65
49
1
0.7167983656
4
49 17
17 7
7 41
41 73
4
49 17
17 7
7 41
41 73
48
1
0.4408583115
4
48 17
17 7
7 33
33 67
4
48 17
17 7
7 33
33 67
69
1
105.4433112978
4
69 37
37 4
4 41
41 75
4
69 37
37 4
4 41
41 75
49
1
0.2062584081
4
49 17
17 7
7 45
45 79
4
49 17
17 7
7 45
45 79
50
1
0.0078754583
4
50 17
17 7
7 33
33 67
4
50 17
17 7
7 33
33 67
51
1
0.2083703942
4
51 17
17 7
7 45
45 77
4
51 17
17 7
7 45
45 77
48
1
0.8765531337
4
48 17
17 7
7 45
45 76
4
48 17
17 7
7 45
45 76
48
1
0.1956984777
4
48 17
17 7
7 25
25 58
4
48 17
17 7
7 25
25 58
49
1
0.0014172067
4
49 17
17 7
7 25
25 57
4
49 17
17 7
7 25
25 57
49
1
1.0000000000
4
49 17
17 7
7 41
41 72
4
49 17
17 7
7 41
41 72
50
1
0.0191095300
4
50 17
17 7
7 33
33 65
4
50 17
17 7
7 33
33 65
50
1
0.6877520441
4
50 17
17 7
7 29
29 60
4
50 17
17 7
7 29
29 60
49
1
0.0069912134
4
49 17
17 7
7 29
29 61
4
49 17
17 7
7 29
29 61
48
1
0.0526305745
4
48 17
17 7
7 37
37 69
4
48 17
17 7
7 37
37 69
51
1
2.3185159156
4
51 17
17 7
7 45
45 78
4
51 17
17 7
7 45
45 78
49
1
0.0002694021
4
49 17
17 7
7 25
25 58
4
49 17
17 7
7 25
25 58
48
1
5.5049293783
4
48 17
17 7
7 37
37 68
4
48 17
17 7
7 37
37 68
50
1
0.0922111593
4
50 17
17 7
7 41
41 74
4
50 17
17 7
7 41
41 74
50
1
0.0004105705
4
50 17
17 7
7 29
29 63
4
50 17
17 7
7 29
29 63
76
1
76.2658961106
4
76 46
46 8
8 38
38 69
4
76 46
46 8
8 38
38 69
51
1
0.0027075397
4
51 17
17 7
7 29
29 61
4
51 17
17 7
7 29
29 61
48
1
0.0122939233
4
48 17
17 7
7 37
37 70
4
48 17
17 7
7 37
37 70
73
1
99.1003949527
4
73 41
41 4
4 37
37 71
4
73 41
41 4
4 37
37 71
48
1
0.0034024304
4
48 17
17 7
7 25
25 59
4
48 17
17 7
7 25
25 59
48
1
0.0046600223
4
48 17
17 7
7 33
33 66
4
48 17
17 7
7 33
33 66
50
1
0.1703546446
4
50 17
17 7
7 29
29 61
4
50 17
17 7
7 29
29 61
51
1
0.5352588563
4
51 17
17 7
7 37
37 69
4
51 17
17 7
7 37
37 69
49
1
0.0005658557
4
49 17
17 7
7 37
37 68
4
49 17
17 7
7 37
37 68
49
1
0.0491478686
4
49 17
17 7
7 25
25 58
4
49 17
17 7
7 25
25 58
51
1
0.0046600223
4
51 17
17 7
7 21
21 55
4
51 17
17 7
7 21
21 55
49
1
0.0070715993
4
49 17
17 7
7 41
41 73
4
49 17
17 7
7 41
41 73
48
1
0.0184499552
4
48 17
17 7
7 37
37 69
4
48 17
17 7
7 37
37 69
48
1
0.0045394434
4
48 17
17 7
7 45
45 77
4
48 17
17 7
7 45
45 77
50
1
0.6441825619
4
50 17
17 7
7 37
37 69
4
50 17
17 7
7 37
37 69
48
1
0.0182300969
4
48 17
17 7
7 41
41 72
4
48 17
17 7
7 41
41 72
51
1
0.0067500557
4
51 17
17 7
7 45
45 78
4
51 17
17 7
7 45
45 78
49
1
5.3401148888
4
49 17
17 7
7 21
21 52
4
49 17
17 7
7 21
21 52
63
1
110.5176443738
4
63 30
30 8
8 18
18 48
4
63 30
30 8
8 18
18 48
48
1
0.0074333359
4
48 17
17 7
7 33
33 65
4
48 17
17 7
7 33
33 65
48
1
0.6006130796
4
48 17
17 7
7 45
45 79
4
48 17
17 7
7 45
45 79
50
1
0.0208508830
4
50 17
17 7
7 21
21 53
4
50 17
17 7
7 21
21 53
48
1
0.0020535250
4
48 17
17 7
7 37
37 70
4
48 17
17 7
7 37
37 70
49
1
0.0482771921
4
49 17
17 7
7 21
21 55
4
49 17
17 7
7 21
21 55
50
1
0.1661306724
4
50 17
17 7
7 45
45 79
4
50 17
17 7
7 45
45 79
49
1
0.0027075397
4
49 17
17 7
7 37
37 68
4
49 17
17 7
7 37
37 68
48
1
0.3174114452
4
48 17
17 7
7 37
37 69
4
48 17
17 7
7 37
37 69
48
1
0.2210423108
4
48 17
17 7
7 33
33 66
4
48 17
17 7
7 33
33 66
49
1
0.1745786168
4
49 17
17 7
7 45
45 77
4
49 17
17 7
7 45
45 77
49
1
0.9854768393
4
49 17
17 7
7 37
37 68
4
49 17
17 7
7 37
37 68
48
1
0.8039373300
4
48 17
17 7
7 29
29 61
4
48 17
17 7
7 29
29 61
49
1
0.0079960371
4
49 17
17 7
7 29
29 62
4
49 17
17 7
7 29
29 62
50
1
0.0016043591
4
50 17
17 7
7 41
41 73
4
50 17
17 7
7 41
41 73
50
1
0.5497820171
4
50 17
17 7
7 29
29 62
4
50 17
17 7
7 29
29 62
49
1
0.0184499552
4
49 17
17 7
7 45
45 77
4
49 17
17 7
7 45
45 77
51
1
1.0549381632
4
51 17
17 7
7 29
29 62
4
51 17
17 7
7 29
29 62
50
1
0.8039373300
4
50 17
17 7
7 45
45 79
4
50 17
17 7
7 45
45 79
50
1
0.0015170213
4
50 17
17 7
7 41
41 74
4
50 17
17 7
7 41
41 74
49
1
0.0068706346
4
49 17
17 7
7 25
25 58
4
49 17
17 7
7 25
25 58
49
1
4.7907332574
4
49 17
17 7
7 21
21 54
4
49 17
17 7
7 21
21 54
49
1
0.0002199931
4
49 17
17 7
7 45
45 76
4
49 17
17 7
7 45
45 76
51
1
0.0565486186
4
51 17
17 7
7 25
25 59
4
51 17
17 7
7 25
25 59
50
1
4.7357950942
4
50 17
17 7
7 45
45 77
4
50 17
17 7
7 45
45 77
48
1
0.5279972760
4
48 16
16 0
0 20
20 53
4
48 16
16 0
0 20
20 53
50
1
0.1703546446
4
50 16
16 0
0 24
24 56
4
50 16
16 0
0 24
24 56
50
1
0.0074333359
4
50 16
16 0
0 32
32 65
4
50 16
16 0
0 32
32 65
48
1
58.5057303444
4
48 16
16 0
0 40
40 73
4
48 16
16 0
0 40
40 73
48
1
0.0093258365
4
48 16
16 0
0 36
36 69
4
48 16
16 0
0 36
36 69
48
1
113.0548109118
4
48 16
16 0
0 20
20 55
4
48 17
17 7
7 37
37 70
49
1
3.8567844838
4
49 16
16 0
0 20
20 53
4
49 16
16 0
0 20
20 53
48
1
0.0003611615
4
48 16
16 0
0 32
32 65
4
48 16
16 0
0 32
32 65
49
1
0.0006223231
4
49 16
16 0
0 44
44 79
4
49 16
16 0
0 44
44 79
50
1
71.1915630345
4
50 16
16 0
0 28
28 62
4
50 16
16 0
0 28
28 62
49
1
39.4769813093
4
49 16
16 0
0 44
44 77
4
49 16
16 0
0 44
44 77
51
1
0.0001070584
4
51 16
16 0
0 20
20 54
4
51 16
16 0
0 20
20 54
50
1
0.0064285121
4
50 16
16 0
0 24
24 56
4
50 16
16 0
0 24
24 56
48
1
0.0055040743
4
48 16
16 0
0 20
20 53
4
48 16
16 0
0 20
20 53
48
1
109.2490611048
4
48 16
16 0
0 44
44 79
4
48 16
16 0
0 44
44 79
50
1
0.0005940894
4
50 16
16 0
0 24
24 57
4
50 16
16 0
0 24
24 57
48
1
0.0180102386
4
48 16
16 0
0 24
24 58
4
48 16
16 0
0 24
24 58
49
1
2.8678975471
4
49 16
16 0
0 44
44 77
4
49 16
16 0
0 44
44 77
51
1
0.4263351508
4
51 16
16 0
0 32
32 65
4
51 16
16 0
0 32
32 65
51
1
2.6481448945
4
51 16
16 0
0 32
32 66
4
51 16
16 0
0 32
32 66
48
1
0.0046600223
4
48 16
16 0
0 24
24 57
4
48 16
16 0
0 24
24 57
49
1
0.0012425311
4
49 16
16 0
0 40
40 74
4
49 16
16 0
0 40
40 74
48
1
0.0180102386
4
48 16
16 0
0 32
32 65
4
48 16
16 0
0 32
32 65
49
1
0.0030754230
4
49 16
16 0
0 40
40 73
4
49 16
16 0
0 40
40 73
51
1
1.1648144894
4
51 16
16 0
0 28
28 63
4
51 16
16 0
0 28
28 63
49
1
0.0007846667
4
49 16
16 0
0 20
20 53
4
49 16
16 0
0 20
20 53
48
1
97.8318116837
4
48 16
16 0
0 40
40 73
4
48 16
16 0
0 40
40 73
48
1
2.0438250999
4
48 16
16 0
0 32
32 67
4
48 16
16 0
0 32
32 67
50
1
0.0056648461
4
50 16
16 0
0 36
36 71
4
50 16
16 0
0 36
36 71
49
1
0.0035046202
4
49 16
16 0
0 28
28 62
4
49 16
16 0
0 28
28 62
49
1
55.9685638064
4
49 16
16 0
0 24
24 58
4
49 16
16 0
0 24
24 58
48
1
0.0003823368
4
48 16
16 0
0 28
28 60
4
48 16
16 0
0 28
28 60
51
1
0.0120740650
4
51 16
16 0
0 32
32 66
4
51 16
16 0
0 32
32 66
48
1
0.0115244193
4
48 16
16 0
0 44
44 77
4
48 16
16 0
0 44
44 77
48
1
58.5057303444
4
48 16
16 0
0 32
32 67
4
48 16
16 0
0 32
32 67
48
1
0.0034433063
4
48 16
16 0
0 20
20 54
4
48 16
16 0
0 20
20 54
51
1
0.0626433540
4
51 16
16 0
0 24
24 59
4
51 16
16 0
0 24
24 59
50
1
4.5160424416
4
50 16
16 0
0 44
44 76
4
50 16
16 0
0 44
44 76
48
1
0.2506101160
4
48 16
16 0
0 28
28 63
4
48 16
16 0
0 28
28 63
49
1
0.3464577667
4
49 16
16 0
0 40
40 72
4
49 16
16 0
0 40
40 72
49
1
5.8894965203
4
49 16
16 0
0 32
32 67
4
49 16
16 0
0 32
32 67
49
1
0.0003188110
4
49 16
16 0
0 20
20 54
4
49 16
16 0
0 20
20 54
49
1
0.5062125348
4
49 16
16 0
0 36
36 71
4
49 16
16 0
0 36
36 71
48
1
0.0054236884
4
48 16
16 0
0 32
32 64
4
48 16
16 0
0 32
32 64
49
1
0.0020285713
4
49 16
16 0
0 40
40 72
4
49 16
16 0
0 40
40 72
51
1
0.0040768830
4
51 16
16 0
0 20
20 54
4
51 16
16 0
0 20
20 54
51
1
0.0031776128
4
51 16
16 0
0 20
20 54
4
51 16
16 0
0 20
20 54
49
1
0.0062677403
4
49 16
16 0
0 36
36 68
4
49 16
16 0
0 36
36 68
48
1
0.7821525889
4
48 16
16 0
0 40
40 75
4
48 16
16 0
0 40
40 75
48
1
38.2083980403
4
48 16
16 0
0 40
40 72
4
48 16
16 0
0 40
40 72
51
1
0.0001705842
4
51 16
16 0
0 44
44 78
4
51 16
16 0
0 44
44 78
51
1
0.1344508811
4
51 16
16 0
0 24
24 59
4
51 16
16 0
0 24
24 59
48
1
0.0035863720
4
48 16
16 0
0 24
24 57
4
48 16
16 0
0 24
24 57
49
1
0.0003117526
4
49 16
16 0
0 28
28 62
4
49 16
16 0
0 28
28 62
51
1
0.0066696698
4
51 16
16 0
0 32
32 66
4
51 16
16 0
0 32
32 66
49
1
0.0020739630
4
49 16
16 0
0 24
24 56
4
49 16
16 0
0 24
24 56
51
1
0.3101498649
4
51 16
16 0
0 36
36 71
4
51 16
16 0
0 36
36 71
51
1
0.0065088980
4
51 16
16 0
0 20
20 52
4
51 16
16 0
0 20
20 52
48
1
0.0005235052
4
48 16
16 0
0 24
24 58
4
48 16
16 0
0 24
24 58
51
1
0.0044590576
4
51 16
16 0
0 36
36 70
4
51 16
16 0
0 36
36 70
51
1
0.0095456948
4
51 16
16 0
0 20
20 55
4
51 16
16 0
0 20
20 55
48
1
0.0181201677
4
48 16
16 0
0 24
24 56
4
48 16
16 0
0 24
24 56
51
1
6.2191254993
4
51 16
16 0
0 44
44 77
4
51 16
16 0
0 44
44 77
48
1
0.0011427164
4
48 16
16 0
0 44
44 78
4
48 16
16 0
0 44
44 78
49
1
0.0063883192
4
49 16
16 0
0 36
36 70
4
49 16
16 0
0 36
36 70
48
1
0.4118119900
4
48 16
16 0
0 44
44 77
4
48 16
16 0
0 44
44 77
48
1
0.0604666628
4
48 16
16 0
0 24
24 59
4
48 16
16 0
0 24
24 59
48
1
1.2746908158
4
48 16
16 0
0 40
40 73
4
48 16
16 0
0 40
40 73
49
1
16.6424824671
4
49 16
16 0
0 36
36 71
4
49 16
16 0
0 36
36 71
48
1
0.1640186863
4
48 16
16 0
0 40
40 73
4
48 16
16 0
0 40
40 73
50
1
6.4938163150
4
50 16
16 0
0 44
44 76
4
50 16
16 0
0 44
44 76
51
1
0.0004952715
4
51 16
16 0
0 20
20 52
4
51 16
16 0
0 20
20 52
50
1
0.0078754583
4
50 16
16 0
0 40
40 74
4
50 16
16 0
0 40
40 74
50
1
0.0063079332
4
50 16
16 0
0 36
36 68
4
50 16
16 0
0 36
36 68
49
1
5.7796201941
4
49 16
16 0
0 24
24 58
4
49 16
16 0
0 24
24 58
49
1
0.0035863720
4
49 16
16 0
0 24
24 59
4
49 16
16 0
0 24
24 59
49
1
0.0922111593
4
49 16
16 0
0 40
40 72
4
49 16
16 0
0 40
40 72
49
1
0.1428988254
4
49 16
16 0
0 40
40 74
4
49 16
16 0
0 40
40 74
48
1
5.6697438678
4
48 16
16 0
0 20
20 52
4
48 16
16 0
0 20
20 52
48
1
0.0033002406
4
48 16
16 0
0 32
32 66
4
48 16
16 0
0 32
32 66
49
1
39.4769813093
4
49 16
16 0
0 20
20 55
4
49 16
16 0
0 20
20 55
48
1
0.0075137218
4
48 16
16 0
0 44
44 79
4
48 16
16 0
0 44
44 79
49
1
0.0011926237
4
49 16
16 0
0 28
28 62
4
49 16
16 0
0 28
28 62
48
1
0.0019162799
4
48 16
16 0
0 20
20 54
4
48 16
16 0
0 20
20 54
49
1
0.0009805176
4
49 16
16 0
0 20
20 52
4
49 16
16 0
0 20
20 52
48
1
0.0063883192
4
48 16
16 0
0 28
28 61
4
48 16
16 0
0 28
28 61
49
1
0.0378290743
4
49 16
16 0
0 44
44 76
4
49 16
16 0
0 44
44 76
50
1
0.9854768393
4
50 16
16 0
0 20
20 52
4
50 16
16 0
0 20
20 52
51
1
0.0013922530
4
51 16
16 0
0 20
20 54
4
51 16
16 0
0 20
20 54
50
1
0.0088861200
4
50 16
16 0
0 44
44 78
4
50 16
16 0
0 44
44 78
51
1
0.0042580928
4
51 16
16 0
0 32
32 64
4
51 16
16 0
0 32
32 64
48
1
0.3682425078
4
48 16
16 0
0 40
40 75
4
48 16
16 0
0 40
40 75
48
1
0.0049011800
4
48 16
16 0
0 28
28 63
4
48 16
16 0
0 28
28 63
51
1
0.0065490910
4
51 16
16 0
0 36
36 68
4
51 16
16 0
0 36
36 68
49
1
0.0013298689
4
49 16
16 0
0 36
36 68
4
49 16
16 0
0 36
36 68
48
1
0.0059863896
4
48 16
16 0
0 28
28 61
4
48 16
16 0
0 28
28 61
49
1
0.0132832856
4
49 16
16 0
0 32
32 67
4
49 16
16 0
0 32
32 67
48
1
0.0113045611
4
48 16
16 0
0 36
36 71
4
48 16
16 0
0 36
36 71
50
1
0.0009430871
4
50 16
16 0
0 36
36 69
4
50 16
16 0
0 36
36 69
48
1
71.1915630345
4
48 16
16 0
0 20
20 55
4
48 16
16 0
0 20
20 55
49
1
0.0011177628
4
49 16
16 0
0 28
28 61
4
49 16
16 0
0 28
28 61
50
1
0.1956984777
4
50 16
16 0
0 20
20 54
4
50 16
16 0
0 20
20 54
50
1
2.8129593840
4
50 16
16 0
0 20
20 54
4
50 16
16 0
0 20
20 54
48
1
0.0074735288
4
48 16
16 0
0 44
44 78
4
48 16
16 0
0 44
44 78
50
1
0.0015669286
4
50 16
16 0
0 40
40 73
4
50 16
16 0
0 40
40 73
51
1
0.6296594011
4
51 16
16 0
0 44
44 78
4
51 16
16 0
0 44
44 78
49
1
5.2851767257
4
49 16
16 0
0 44
44 77
4
49 16
16 0
0 44
44 77
49
1
0.0114144902
4
49 16
16 0
0 36
36 71
4
49 16
16 0
0 36
36 71
49
1
0.0002905773
4
49 16
16 0
0 24
24 56
4
49 16
16 0
0 24
24 56
48
1
24.2539820811
4
48 16
16 0
0 40
40 73
4
48 16
16 0
0 40
40 73
48
1
0.0057854249
4
48 16
16 0
0 44
44 77
4
48 16
16 0
0 44
44 77
51
1
0.0395704273
4
51 16
16 0
0 24
24 59
4
51 16
16 0
0 24
24 59
49
1
6.3839399887
4
49 16
16 0
0 36
36 69
4
49 16
16 0
0 36
36 69
48
1
0.2463861438
4
48 16
16 0
0 36
36 69
4
48 16
16 0
0 36
36 69
51
1
0.0985471175
4
51 16
16 0
0 24
24 56
4
51 16
16 0
0 24
24 56
51
1
0.0006999657
4
51 16
16 0
0 36
36 71
4
51 16
16 0
0 36
36 71
50
1
0.0005164468
4
50 16
16 0
0 24
24 58
4
50 16
16 0
0 24
24 58
51
1
0.0015918823
4
51 16
16 0
0 40
40 72
4
51 16
16 0
0 40
40 72
51
1
0.0004105705
4
51 16
16 0
0 32
32 67
4
51 16
16 0
0 32
32 67
49
1
0.0015294981
4
49 16
16 0
0 24
24 56
4
49 16
16 0
0 24
24 56
49
1
0.0023396564
4
49 16
16 0
0 44
44 76
4
49 16
16 0
0 44
44 76
51
1
0.0172407346
4
51 16
16 0
0 40
40 75
4
51 16
16 0
0 40
40 75
50
1
0.0039133794
4
50 16
16 0
0 44
44 77
4
50 16
16 0
0 44
44 77
50
1
0.0265102801
4
50 16
16 0
0 36
36 68
4
50 16
16 0
0 36
36 68
51
1
0.0613373393
4
51 16
16 0
0 20
20 55
4
51 16
16 0
0 20
20 55
48
1
0.8910762945
4
48 16
16 0
0 36
36 70
4
48 16
16 0
0 36
36 70
48
1
91.4888953387
4
48 16
16 0
0 28
28 61
4
48 16
16 0
0 28
28 61
51
1
5.1203622363
4
51 16
16 0
0 20
20 52
4
51 16
16 0
0 20
20 52
49
1
0.0230275742
4
49 16
16 0
0 40
40 73
4
49 16
16 0
0 40
40 73
49
1
0.0051825307
4
49 16
16 0
0 28
28 60
4
49 16
16 0
0 28
28 60
50
1
0.3972888293
4
50 16
16 0
0 24
24 57
4
50 16
16 0
0 24
24 57
50
1
0.0008682261
4
50 16
16 0
0 24
24 59
4
50 16
16 0
0 24
24 59
51
1
0.0595959863
4
51 16
16 0
0 32
32 64
4
51 16
16 0
0 32
32 64
48
1
0.0879871871
4
48 16
16 0
0 28
28 62
4
48 16
16 0
0 28
28 62
51
1
0.0005799726
4
51 16
16 0
0 36
36 69
4
51 16
16 0
0 36
36 69
51
1
0.0071117923
4
51 16
16 0
0 44
44 76
4
51 16
16 0
0 44
44 76
49
1
0.0015170213
4
49 16
16 0
0 36
36 69
4
49 16
16 0
0 36
36 69
50
1
4.5709806047
4
50 16
16 0
0 20
20 55
4
50 16
16 0
0 20
20 55
49
1
0.1956984777
4
49 16
16 0
0 32
32 64
4
49 16
16 0
0 32
32 64
50
1
12.8367326601
4
50 16
16 0
0 40
40 74
4
50 16
16 0
0 40
40 74
48
1
0.1407868393
4
48 16
16 0
0 28
28 61
4
48 16
16 0
0 28
28 61
48
1
0.0413117802
4
48 16
16 0
0 44
44 79
4
48 16
16 0
0 44
44 79
48
1
0.2569460743
4
48 16
16 0
0 44
44 76
4
48 16
16 0
0 44
44 76
51
1
0.7603678478
4
51 16
16 0
0 28
28 62
4
51 16
16 0
0 28
28 62
48
1
0.8329836515
4
48 16
16 0
0 20
20 52
4
48 16
16 0
0 20
20 52
49
1
0.0012924384
4
49 16
16 0
0 44
44 76
4
49 16
16 0
0 44
44 76
50
1
0.0007493746
4
50 16
16 0
0 20
20 52
4
50 16
16 0
0 20
20 52
50
1
0.0017915116
4
50 16
16 0
0 20
20 55
4
50 16
16 0
0 20
20 55
48
1
0.0119641359
4
48 16
16 0
0 36
36 71
4
48 16
16 0
0 36
36 71
49
1
0.3609809274
4
49 16
16 0
0 24
24 59
4
49 16
16 0
0 24
24 59
51
1
0.0018538957
4
51 16
16 0
0 20
20 55
4
51 16
16 0
0 20
20 55
50
1
0.2210423108
4
50 16
16 0
0 40
40 73
4
50 16
16 0
0 40
40 73
50
1
0.0552426039
4
50 16
16 0
0 44
44 77
4
50 16
16 0
0 44
44 77
50
1
0.0330403537
4
50 16
16 0
0 32
32 67
4
50 16
16 0
0 32
32 67
48
1
0.0001141168
4
48 16
16 0
0 32
32 66
4
48 16
16 0
0 32
32 66
49
1
0.0006787904
4
49 16
16 0
0 44
44 78
4
49 16
16 0
0 44
44 78
50
1
3.8567844838
4
50 16
16 0
0 28
28 61
4
50 16
16 0
0 28
28 61
50
1
1.7141961210
4
50 16
16 0
0 36
36 71
4
50 16
16 0
0 36
36 71
51
1
0.2083703942
4
51 16
16 0
0 36
36 71
4
51 16
16 0
0 36
36 71
51
1
2.2086395893
4
51 16
16 0
0 32
32 64
4
51 16
16 0
0 32
32 64
49
1
0.0014047298
4
49 16
16 3
3 28
28 60
4
49 16
16 3
3 28
28 60
48
1
0.0003329279
4
48 16
16 3
3 32
32 64
4
48 16
16 3
3 32
32 64
51
1
1.3845671420
4
51 16
16 3
3 20
20 53
4
51 16
16 3
3 20
20 53
51
1
0.0001635258
4
51 16
16 3
3 32
32 65
4
51 16
16 3
3 32
32 65
50
1
0.0172407346
4
50 16
16 3
3 32
32 64
4
50 16
16 3
3 32
32 64
51
1
0.0028097295
4
51 16
16 3
3 32
32 64
4
51 16
16 3
3 32
32 64
48
1
0.1471227976
4
48 16
16 3
3 20
20 52
4
48 16
16 3
3 20
20 52
49
1
0.0146024353
4
49 16
16 3
3 36
36 69
4
49 16
16 3
3 36
36 69
50
1
0.0006717320
4
50 16
16 3
3 20
20 52
4
50 16
16 3
3 20
20 52
50
1
0.0386997508
4
50 16
16 3
3 36
36 68
4
50 16
16 3
3 36
36 68
51
1
5.5049293783
4
51 16
16 3
3 40
40 73
4
51 16
16 3
3 40
40 73
50
1
0.1788025890
4
50 16
16 3
3 44
44 77
4
50 16
16 3
3 44
44 77
48
1
0.0004670378
4
48 16
16 3
3 44
44 76
4
48 16
16 3
3 44
44 76
48
1
0.0552426039
4
48 16
16 3
3 36
36 70
4
48 16
16 3
3 36
36 70
50
1
6.4388781519
4
50 16
16 3
3 32
32 66
4
50 16
16 3
3 32
32 66
51
1
34.4026482332
4
51 16
16 3
3 20
20 55
4
51 16
16 3
3 20
20 55
49
1
5.1753003994
4
49 16
16 3
3 44
44 79
4
49 16
16 3
3 44
44 79
51
1
3.6919699943
4
51 16
16 3
3 44
44 76
4
51 16
16 3
3 44
44 76
50
1
0.1555707420
4
50 16
16 3
3 40
40 75
4
50 16
16 3
3 40
40 75
48
1
0.0004105705
4
48 16
16 3
3 28
28 62
4
48 16
16 3
3 28
28 62
50
1
3.3074028523
4
50 16
16 3
3 20
20 52
4
50 16
16 3
3 20
20 52
51
1
0.0587253098
4
51 16
16 3
3 40
40 74
4
51 16
16 3
3 40
40 74
50
1
0.0002623437
4
50 16
16 3
3 36
36 69
4
50 16
16 3
3 36
36 69
50
1
0.0074333359
4
50 16
16 3
3 44
44 79
4
50 16
16 3
3 44
44 79
51
1
0.7821525889
4
51 16
16 3
3 40
40 75
4
51 16
16 3
3 40
40 75
50
1
0.3609809274
4
50 16
16 3
3 32
32 66
4
50 16
16 3
3 32
32 66
49
1
0.1365628671
4
49 16
16 3
3 24
24 57
4
49 16
16 3
3 24
24 57
49
1
0.0508892215
4
49 16
16 3
3 28
28 60
4
49 16
16 3
3 28
28 60
48
1
0.0004035121
4
48 16
16 3
3 28
28 63
4
48 16
16 3
3 28
28 63
48
1
0.0012924384
4
48 16
16 3
3 44
44 79
4
48 16
16 3
3 44
44 79
50
1
0.3246730256
4
50 16
16 3
3 20
20 55
4
50 16
16 3
3 20
20 55
49
1
0.0005164468
4
49 16
16 3
3 20
20 55
4
49 16
16 3
3 20
20 55
50
1
0.0086662617
4
50 16
16 3
3 32
32 67
4
50 16
16 3
3 32
32 67
48
1
0.0019287567
4
48 16
16 3
3 32
32 66
4
48 16
16 3
3 32
32 66
51
1
3.4172791786
4
51 16
16 3
3 32
32 67
4
51 16
16 3
3 32
32 67
50
1
0.0067500557
4
50 16
16 3
3 44
44 79
4
50 16
16 3
3 44
44 79
48
1
0.0018414189
4
48 16
16 3
3 24
24 58
4
48 16
16 3
3 24
24 58
49
1
0.0005305636
4
49 16
16 3
3 36
36 70
4
49 16
16 3
3 36
36 70
51
1
0.0032184887
4
51 16
16 3
3 24
24 58
4
51 16
16 3
3 24
24 58
51
1
47.0884809233
4
51 16
16 3
3 36
36 70
4
51 16
16 3
3 36
36 70
48
1
4.1864134627
4
48 16
16 3
3 28
28 63
4
48 16
16 3
3 28
28 63
49
1
0.0139428604
4
49 16
16 3
3 44
44 77
4
49 16
16 3
3 44
44 77
49
1
0.0003541031
4
49 16
16 3
3 24
24 56
4
49 16
16 3
3 24
24 56
48
1
0.0051825307
4
48 16
16 3
3 44
44 77
4
48 16
16 3
3 44
44 77
50
1
0.0225922359
4
50 16
16 3
3 36
36 70
4
50 16
16 3
3 36
36 70
49
1
0.7458446870
4
49 16
16 3
3 24
24 58
4
49 16
16 3
3 24
24 58
49
1
0.7385831067
4
49 16
16 3
3 28
28 62
4
49 16
16 3
3 28
28 62
50
1
1.9339487736
4
50 16
16 3
3 24
24 57
4
50 16
16 3
3 24
24 57
48
1
0.0007493746
4
48 16
16 3
3 36
36 71
4
48 16
16 3
3 36
36 71
51
1
0.0023805324
4
51 16
16 3
3 20
20 55
4
51 16
16 3
3 20
20 55
49
1
0.0017416043
4
49 16
16 3
3 32
32 66
4
49 16
16 3
3 32
32 66
48
1
0.0191095300
4
48 16
16 3
3 32
32 65
4
48 16
16 3
3 32
32 65
48
1
0.0089960491
4
48 16
16 3
3 36
36 71
4
48 16
16 3
3 36
36 71
49
1
6.2740636624
4
49 16
16 3
3 24
24 56
4
49 16
16 3
3 24
24 56
49
1
118.1291439879
4
49 16
16 3
3 32
32 66
4
49 16
16 0
0 36
36 69
51
1
6.1092491730
4
51 16
16 3
3 44
44 78
4
51 16
16 3
3 44
44 78
49
1
0.2632820326
4
49 16
16 3
3 20
20 52
4
49 16
16 3
3 20
20 52
50
1
3.3623410155
4
50 16
16 3
3 40
40 72
4
50 16
16 3
3 40
40 72
49
1
0.0026871018
4
49 16
16 3
3 40
40 74
4
49 16
16 3
3 40
40 74
49
1
0.1703546446
4
49 16
16 3
3 44
44 76
4
49 16
16 3
3 44
44 76
49
1
1.2197526526
4
49 16
16 3
3 28
28 63
4
49 16
16 3
3 28
28 63
49
1
0.0005587973
4
49 16
16 3
3 36
36 71
4
49 16
16 3
3 36
36 71
49
1
0.0007987836
4
49 16
16 3
3 32
32 65
4
49 16
16 3
3 32
32 65
51
1
0.0056246531
4
51 16
16 3
3 24
24 59
4
51 16
16 3
3 24
24 59
48
1
0.0007776083
4
48 16
16 3
3 36
36 71
4
48 16
16 3
3 36
36 71
48
1
78.8030626486
4
48 16
16 3
3 20
20 55
4
48 16
16 3
3 20
20 55
49
1
3.0327120365
4
49 16
16 3
3 28
28 63
4
49 16
16 3
3 28
28 63
48
1
4.6808569311
4
48 16
16 3
3 40
40 75
4
48 16
16 3
3 40
40 75
50
1
0.8838147141
4
50 16
16 3
3 36
36 71
4
50 16
16 3
3 36
36 71
49
1
0.0078352654
4
49 16
16 3
3 20
20 55
4
49 16
16 3
3 20
20 55
48
1
0.0153719392
4
48 16
16 3
3 36
36 70
4
48 16
16 3
3 36
36 70
51
1
0.0373937361
4
51 16
16 3
3 40
40 72
4
51 16
16 3
3 40
40 72
51
1
39.4769813093
4
51 16
16 3
3 32
32 67
4
51 16
16 3
3 32
32 67
51
1
1.7691342841
4
51 16
16 3
3 28
28 62
4
51 16
16 3
3 28
28 62
51
1
0.9636920982
4
51 16
16 3
3 36
36 70
4
51 16
16 3
3 36
36 70
49
1
0.0169109472
4
49 16
16 3
3 24
24 56
4
49 16
16 3
3 24
24 56
49
1
1.9888869367
4
49 16
16 3
3 24
24 57
4
49 16
16 3
3 24
24 57
49
1
0.4045504097
4
49 16
16 3
3 40
40 72
4
49 16
16 3
3 40
40 72
49
1
0.0031980508
4
49 16
16 3
3 40
40 74
4
49 16
16 3
3 40
40 74
51
1
0.0032184887
4
51 16
16 3
3 40
40 73
4
51 16
16 3
3 40
40 73
48
1
0.0014546372
4
48 16
16 3
3 40
40 74
4
48 16
16 3
3 40
40 74
50
1
0.0456651626
4
50 16
16 3
3 20
20 53
4
50 16
16 3
3 20
20 53
48
1
0.0452298244
4
48 16
16 3
3 28
28 61
4
48 16
16 3
3 28
28 61
50
1
0.0097655531
4
50 16
16 3
3 20
20 53
4
50 16
16 3
3 20
20 53
48
1
0.4263351508
4
48 16
16 3
3 40
40 73
4
48 16
16 3
3 40
40 73
50
1
0.1893625194
4
50 16
16 3
3 36
36 71
4
50 16
16 3
3 36
36 71
48
1
0.0018164652
4
48 16
16 3
3 44
44 78
4
48 16
16 3
3 44
44 78
48
1
0.3900272489
4
48 16
16 3
3 20
20 55
4
48 16
16 3
3 20
20 55
49
1
0.0005729141
4
49 16
16 3
3 28
28 62
4
49 16
16 3
3 28
28 62
51
1
0.8402452319
4
51 16
16 3
3 24
24 59
4
51 16
16 3
3 24
24 59
50
1
0.0041375140
4
50 16
16 3
3 20
20 53
4
50 16
16 3
3 20
20 53
48
1
0.0082265451
4
48 16
16 3
3 44
44 78
4
48 16
16 3
3 44
44 78
49
1
0.0487125303
4
49 16
16 3
3 36
36 69
4
49 16
16 3
3 36
36 69
50
1
111.7862276428
4
50 16
16 3
3 32
32 64
4
50 16
16 3
3 32
32 64
49
1
0.6223978208
4
49 16
16 3
3 32
32 64
4
49 16
16 3
3 32
32 64
49
1
0.0002694021
4
49 16
16 3
3 36
36 70
4
49 16
16 3
3 36
36 70
50
1
3.9666608101
4
50 16
16 3
3 32
32 64
4
50 16
16 3
3 32
32 64
49
1
0.0179003095
4
49 16
16 3
3 40
40 74
4
49 16
16 3
3 40
40 74
51
1
0.1513467698
4
51 16
16 3
3 28
28 62
4
51 16
16 3
3 28
28 62
50
1
0.2168183386
4
50 16
16 3
3 24
24 58
4
50 16
16 3
3 24
24 58
48
1
2.1537014262
4
48 16
16 3
3 32
32 65
4
48 16
16 3
3 32
32 65
49
1
0.0010553786
4
49 16
16 3
3 24
24 56
4
49 16
16 3
3 24
24 56
49
1
0.0312990007
4
49 16
16 3
3 24
24 58
4
49 16
16 3
3 24
24 58
49
1
66.1172299585
4
49 16
16 3
3 28
28 63
4
49 16
16 3
3 28
28 63
50
1
0.0352170449
4
50 16
16 3
3 44
44 76
4
50 16
16 3
3 44
44 76
51
1
0.0057854249
4
51 16
16 3
3 24
24 57
4
51 16
16 3
3 24
24 57
50
1
0.0015669286
4
50 16
16 3
3 40
40 73
4
50 16
16 3
3 40
40 73
51
1
0.0058658108
4
51 16
16 3
3 36
36 71
4
51 16
16 3
3 36
36 71
51
1
0.6877520441
4
51 16
16 3
3 24
24 58
4
51 16
16 3
3 24
24 58
49
1
0.0016168360
4
49 16
16 3
3 32
32 65
4
49 16
16 3
3 32
32 65
50
1
0.7531062674
4
50 16
16 3
3 36
36 70
4
50 16
16 3
3 36
36 70
51
1
0.0647553401
4
51 16
16 3
3 44
44 77
4
51 16
16 3
3 44
44 77
48
1
0.0004811547
4
48 16
16 3
3 36
36 69
4
48 16
16 3
3 36
36 69
50
1
0.0165811598
4
50 16
16 3
3 24
24 57
4
50 16
16 3
3 24
24 57
48
1
12.8367326601
4
48 16
16 3
3 36
36 69
4
48 16
16 3
3 36
36 69
50
1
99.1003949527
4
50 16
16 3
3 32
32 65
4
50 16
16 3
3 32
32 65
50
1
0.0001000000
4
50 16
16 3
3 24
24 57
4
50 16
16 3
3 24
24 57
49
1
86.4145622626
4
49 16
16 3
3 44
44 79
4
49 16
16 3
3 44
44 79
50
1
0.0014671140
4
50 16
16 3
3 40
40 74
4
50 16
16 3
3 40
40 74
50
1
0.0158116558
4
50 16
16 3
3 40
40 74
4
50 16
16 3
3 40
40 74
48
1
4.1864134627
4
48 16
16 3
3 20
20 52
4
48 16
16 3
3 20
20 52
48
1
15.3738991981
4
48 16
16 3
3 32
32 64
4
48 16
16 3
3 32
32 64
50
1
0.0565486186
4
50 16
16 3
3 36
36 69
4
50 16
16 3
3 36
36 69
50
1
0.0006082062
4
50 16
16 3
3 44
44 78
4
50 16
16 3
3 44
44 78
51
1
11.5681493910
4
51 16
16 3
3 20
20 55
4
51 16
16 3
3 20
20 55
49
1
0.1766906029
4
49 16
16 3
3 40
40 72
4
49 16
16 3
3 40
40 72
49
1
0.0037498757
4
49 16
16 3
3 44
44 78
4
49 16
16 3
3 44
44 78
50
1
0.0035863720
4
50 16
16 3
3 28
28 62
4
50 16
16 3
3 28
28 62
51
1
0.1450108115
4
51 16
16 3
3 28
28 63
4
51 16
16 3
3 28
28 63
50
1
0.0150421518
4
50 16
16 3
3 36
36 70
4
50 16
16 3
3 36
36 70
49
1
0.0075941077
4
49 16
16 3
3 40
40 75
4
49 16
16 3
3 40
40 75
50
1
0.0055442672
4
50 16
16 3
3 28
28 61
4
50 16
16 3
3 28
28 61
51
1
0.8620299730
4
51 16
16 3
3 24
24 58
4
51 16
16 3
3 24
24 58
49
1
0.0013797762
4
49 16
16 3
3 28
28 60
4
49 16
16 3
3 28
28 60
50
1
0.1450108115
4
50 16
16 3
3 20
20 55
4
50 16
16 3
3 20
20 55
49
1
0.0003188110
4
49 16
16 3
3 36
36 71
4
49 16
16 3
3 36
36 71
49
1
2.0987632630
4
49 16
16 3
3 44
44 78
4
49 16
16 3
3 44
44 78
48
1
0.0004176289
4
48 16
16 3
3 44
44 77
4
48 16
16 3
3 44
44 77
50
1
0.1703546446
4
50 16
16 3
3 24
24 59
4
50 16
16 3
3 24
24 59
49
1
0.0062275473
4
49 16
16 3
3 24
24 56
4
49 16
16 3
3 24
24 56
50
1
0.0085563326
4
50 16
16 3
3 40
40 73
4
50 16
16 3
3 40
40 73
50
1
0.0017416043
4
50 16
16 3
3 44
44 78
4
50 16
16 3
3 44
44 78
49
1
113.0548109118
4
49 16
16 3
3 44
44 79
4
49 16
16 3
3 44
44 79
49
1
0.0039133794
4
49 16
16 3
3 24
24 57
4
49 16
16 3
3 24
24 57
51
1
0.2316022412
4
51 16
16 3
3 24
24 57
4
51 16
16 3
3 24
24 57
49
1
0.0010179481
4
49 16
16 3
3 40
40 75
4
49 16
16 3
3 40
40 75
51
1
0.0019038030
4
51 16
16 3
3 32
32 65
4
51 16
16 3
3 32
32 65
49
1
0.0356523831
4
49 16
16 3
3 24
24 56
4
49 16
16 3
3 24
24 56
51
1
0.0180102386
4
51 16
16 3
3 40
40 74
4
51 16
16 3
3 40
40 74
50
1
0.0004458626
4
50 16
16 3
3 24
24 58
4
50 16
16 3
3 24
24 58
48
1
0.0028914814
4
48 16
16 3
3 28
28 60
4
48 16
16 3
3 28
28 60
49
1
16.6424824671
4
49 16
16 3
3 20
20 55
4
49 16
16 3
3 20
20 55
49
1
0.0046600223
4
49 16
16 3
3 32
32 67
4
49 16
16 3
3 32
32 67
51
1
0.0088861200
4
51 16
16 3
3 40
40 72
4
51 16
16 3
3 40
40 72
49
1
3.2524646891
4
49 16
16 3
3 24
24 59
4
49 16
16 3
3 24
24 59
50
1
0.5134741152
4
50 16
16 3
3 32
32 65
4
50 16
16 3
3 32
32 65
48
1
2.3185159156
4
48 16
16 3
3 36
36 69
4
48 16
16 3
3 36
36 69
49
1
0.0204155447
4
49 16
16 3
3 32
32 67
4
49 16
16 3
3 32
32 67
50
1
0.2020344359
4
50 16
16 3
3 44
44 79
4
50 16
16 3
3 44
44 79
50
1
0.0900991732
4
50 16
16 3
3 40
40 72
4
50 16
16 3
3 40
40 72
48
1
0.0012175774
4
48 16
16 3
3 40
40 74
4
48 16
16 3
3 40
40 74
51
1
0.0171308055
4
51 16
16 3
3 32
32 65
4
51 16
16 3
3 32
32 65
48
1
0.0063481262
4
48 16
16 3
3 36
36 68
4
48 16
16 3
3 36
36 68
49
1
0.0075941077
4
49 16
16 3
3 32
32 67
4
49 16
16 3
3 32
32 67
48
1
0.0097655531
4
48 16
16 3
3 40
40 72
4
48 16
16 3
3 40
40 72
49
1
0.0025849120
4
49 16
16 3
3 32
32 64
4
49 16
16 3
3 32
32 64
49
1
0.0063079332
4
49 16
16 3
3 36
36 68
4
49 16
16 3
3 36
36 68
51
1
0.0668673262
4
51 16
16 3
3 32
32 67
4
51 16
16 3
3 32
32 67
49
1
6.3290018255
4
49 16
16 3
3 24
24 59
4
49 16
16 3
3 24
24 59
50
1
0.0543719274
4
50 16
16 3
3 24
24 57
4
50 16
16 3
3 24
24 57
65
1
107.9804778358
4
65 35
35 12
12 31
31 63
4
65 35
35 12
12 31
31 63
50
1
2.0438250999
4
50 16
16 3
3 24
24 56
4
50 16
16 3
3 24
24 56
49
1
0.0469711774
4
49 16
16 3
3 32
32 66
4
49 16
16 3
3 32
32 66
48
1
0.0055442672
4
48 16
16 3
3 20
20 52
4
48 16
16 3
3 20
20 52
51
1
0.0120740650
4
51 16
16 3
3 24
24 58
4
51 16
16 3
3 24
24 58
49
1
0.0017790347
4
49 16
16 3
3 20
20 53
4
49 16
16 3
3 20
20 53
51
1
0.0039542553
4
51 16
16 3
3 20
20 53
4
51 16
16 3
3 20
20 53
48
1
3.6370318312
4
48 16
16 3
3 40
40 75
4
48 16
16 3
3 40
40 75
49
1
0.0062677403
4
49 16
16 3
3 40
40 74
4
49 16
16 3
3 40
40 74
50
1
0.0082265451
4
50 16
16 3
3 32
32 67
4
50 16
16 3
3 32
32 67
73
1
109.2490611048
4
73 43
43 12
12 39
39 69
4
73 43
43 12
12 39
39 69
50
1
5.3401148888
4
50 16
16 3
3 44
44 77
4
50 16
16 3
3 44
44 77
48
1
0.5860899189
4
48 16
16 3
3 44
44 79
4
48 16
16 3
3 44
44 79
50
1
0.0019412335
4
50 16
16 3
3 28
28 62
4
50 16
16 3
3 28
28 62
48
1
0.3028882845
4
48 16
16 3
3 40
40 73
4
48 16
16 3
3 40
40 73
49
1
0.0037498757
4
49 16
16 3
3 36
36 69
4
49 16
16 3
3 36
36 69
51
1
0.0005517389
4
51 16
16 3
3 28
28 62
4
51 16
16 3
3 28
28 62
51
1
0.0016667433
4
51 16
16 3
3 28
28 62
4
51 16
16 3
3 28
28 62
48
1
0.0016293128
4
48 16
16 3
3 36
36 68
4
48 16
16 3
3 36
36 68
48
1
4.3512279521
4
48 16
16 3
3 24
24 56
4
48 16
16 3
3 24
24 56
51
1
0.0395704273
4
51 16
16 3
3 32
32 66
4
51 16
16 3
3 32
32 66
49
1
0.0037907516
4
49 16
16 3
3 40
40 72
4
49 16
16 3
3 40
40 72
49
1
0.1766906029
4
49 16
16 3
3 32
32 64
4
49 16
16 3
3 32
32 64
49
1
0.0032593646
4
49 16
16 3
3 32
32 67
4
49 16
16 3
3 32
32 67
51
1
0.0017041738
4
51 16
16 3
3 40
40 74
4
51 16
16 3
3 40
40 74
48
1
0.0043786716
4
48 16
16 3
3 36
36 70
4
48 16
16 3
3 36
36 70
48
1
0.0035659340
4
48 16
16 3
3 24
24 59
4
48 16
16 3
3 24
24 59
48
1
0.0421824567
4
48 16
16 3
3 24
24 59
4
48 16
16 3
3 24
24 59
49
1
0.0050217589
4
49 16
16 3
3 36
36 69
4
49 16
16 3
3 36
36 69
49
1
0.0063481262
4
49 16
16 3
3 24
24 57
4
49 16
16 3
3 24
24 57
49
1
0.0007987836
4
49 16
16 3
3 44
44 76
4
49 16
16 3
3 44
44 76
49
1
3.4722173417
4
49 16
16 3
3 36
36 71
4
49 16
16 3
3 36
36 71
50
1
0.0001917595
4
50 16
16 3
3 20
20 52
4
50 16
16 3
3 20
20 52
50
1
0.0204155447
4
50 16
16 3
3 44
44 79
4
50 16
16 3
3 44
44 79
48
1
0.0169109472
4
48 16
16 3
3 44
44 78
4
48 16
16 3
3 44
44 78
48
1
0.0045394434
4
48 16
16 3
3 36
36 69
4
48 16
16 3
3 36
36 69
49
1
0.0038111896
4
49 16
16 3
3 44
44 76
4
49 16
16 3
3 44
44 76
49
1
0.0020410482
4
49 16
16 3
3 24
24 58
4
49 16
16 3
3 24
24 58
51
1
0.0613373393
4
51 16
16 3
3 36
36 68
4
51 16
16 3
3 36
36 68
49
1
5.6148057046
4
49 16
16 3
3 32
32 67
4
49 16
16 3
3 32
32 67
50
1
0.0035046202
4
50 16
16 3
3 28
28 60
4
50 16
16 3
3 28
28 60
50
1
0.0005235052
4
50 16
16 3
3 20
20 54
4
50 16
16 3
3 20
20 54
49
1
0.2811035434
4
49 16
16 3
3 44
44 77
4
49 16
16 3
3 44
44 77
48
1
0.0035046202
4
48 16
16 3
3 20
20 55
4
48 16
16 3
3 20
20 55
51
1
0.1682426585
4
51 16
16 3
3 20
20 52
4
51 16
16 3
3 20
20 52
49
1
0.0140527896
4
49 16
16 3
3 24
24 59
4
49 16
16 3
3 24
24 59
50
1
0.0161414432
4
50 16
16 3
3 32
32 66
4
50 16
16 3
3 32
32 66
49
1
0.0033615544
4
49 16
16 3
3 20
20 55
4
49 16
16 3
3 20
20 55
48
1
0.0054236884
4
48 16
16 3
3 20
20 55
4
48 16
16 3
3 20
20 55
51
1
0.0033206785
4
51 16
16 3
3 40
40 74
4
51 16
16 3
3 40
40 74
49
1
0.0180102386
4
49 16
16 3
3 36
36 70
4
49 16
16 3
3 36
36 70
50
1
0.1175549923
4
50 16
16 3
3 24
24 57
4
50 16
16 3
3 24
24 57
51
1
0.0286869713
4
51 16
16 3
3 28
28 62
4
51 16
16 3
3 28
28 62
48
1
0.0034433063
4
48 16
16 3
3 40
40 75
4
48 16
16 3
3 40
40 75
49
1
0.0003329279
4
49 16
16 3
3 40
40 74
4
49 16
16 3
3 40
40 74
51
1
0.0199802065
4
51 16
16 3
3 32
32 65
4
51 16
16 3
3 32
32 65
48
1
0.6223978208
4
48 16
16 3
3 32
32 66
4
48 16
16 3
3 32
32 66
49
1
0.0146024353
4
49 16
16 3
3 40
40 74
4
49 16
16 3
3 40
40 74
49
1
0.6441825619
4
49 16
16 3
3 28
28 61
4
49 16
16 3
3 28
28 61
68
1
55.9685638064
4
68 39
39 12
12 47
47 77
4
68 39
39 12
12 47
47 77
49
1
0.1555707420
4
49 16
16 3
3 40
40 73
4
49 16
16 3
3 40
40 73
48
1
0.0020036177
4
48 16
16 3
3 40
40 72
4
48 16
16 3
3 40
40 72
59
1
101.6375614907
4
59 26
26 8
8 22
22 55
4
59 26
26 8
8 22
22 55
48
1
0.2316022412
4
48 16
16 3
3 24
24 58
4
48 16
16 3
3 24
24 58
48
1
0.0010803323
4
48 16
16 3
3 28
28 61
4
48 16
16 3
3 28
28 61
48
1
0.0069108275
4
48 16
16 3
3 24
24 56
4
48 16
16 3
3 24
24 56
49
1
0.0011052859
4
49 16
16 3
3 36
36 68
4
49 16
16 3
3 36
36 68
48
1
0.0003329279
4
48 16
16 3
3 44
44 79
4
48 16
16 3
3 44
44 79
50
1
0.0008931798
4
50 16
16 3
3 28
28 61
4
50 16
16 3
3 28
28 61
74
1
54.6999805374
4
74 40
40 0
0 20
20 52
4
74 40
40 0
0 20
20 52
49
1
0.0622080158
4
49 16
16 3
3 44
44 77
4
49 16
16 3
3 44
44 77
49
1
0.0879871871
4
49 16
16 3
3 32
32 64
4
49 16
16 3
3 32
32 64
48
1
0.0004740963
4
48 16
16 3
3 20
20 54
4
48 16
16 3
3 20
20 54
49
1
0.0038929414
4
49 16
16 3
3 20
20 55
4
49 16
16 3
3 20
20 55
49
1
1.2197526526
4
49 16
16 3
3 20
20 52
4
49 16
16 3
3 20
20 52
63
1
24.2539820811
4
63 30
30 8
8 18
18 50
4
63 30
30 8
8 18
18 50
48
1
0.0647553401
4
48 16
16 3
3 44
44 77
4
48 16
16 3
3 44
44 77
48
1
0.0068706346
4
48 16
16 3
3 36
36 71
4
48 16
16 3
3 36
36 71
51
1
0.0053031095
4
51 16
16 3
3 44
44 77
4
51 16
16 3
3 44
44 77
49
1
0.0077950724
4
49 16
16 3
3 44
44 76
4
49 16
16 3
3 44
44 76
48
1
0.0074333359
4
48 16
16 3
3 36
36 70
4
48 16
16 3
3 36
36 70
50
1
0.0029936712
4
50 16
16 3
3 32
32 64
4
50 16
16 3
3 32
32 64
51
1
0.0014795908
4
51 16
16 3
3 44
44 79
4
51 16
16 3
3 44
44 79
51
1
0.0065490910
4
51 16
16 3
3 24
24 59
4
51 16
16 3
3 24
24 59
48
1
0.2083703942
4
48 16
16 3
3 44
44 77
4
48 16
16 3
3 44
44 77
51
1
0.0295576478
4
51 16
16 3
3 28
28 61
4
51 16
16 3
3 28
28 61
48
1
0.0174605929
4
48 16
16 3
3 36
36 70
4
48 16
16 3
3 36
36 70
50
1
0.0018663726
4
50 16
16 3
3 20
20 53
4
50 16
16 3
3 20
20 53
49
1
0.0152620101
4
49 16
16 3
3 24
24 56
4
49 16
16 3
3 24
24 56
49
1
0.0001635258
4
49 16
16 3
3 28
28 62
4
49 16
16 3
3 28
28 62
48
1
0.0417471185
4
48 16
16 3
3 40
40 72
4
48 16
16 3
3 40
40 72
50
1
0.0001141168
4
50 16
16 3
3 44
44 79
4
50 16
16 3
3 44
44 79
51
1
0.0071117923
4
51 16
16 3
3 36
36 68
4
51 16
16 3
3 36
36 68
49
1
0.9201226159
4
49 16
16 3
3 32
32 65
4
49 16
16 3
3 32
32 65
48
1
0.0011551932
4
48 16
16 3
3 24
24 58
4
48 16
16 3
3 24
24 58
49
1
0.0074333359
4
49 16
16 3
3 20
20 53
4
49 16
16 3
3 20
20 53
50
1
0.0036681238
4
50 16
16 3
3 40
40 72
4
50 16
16 3
3 40
40 72
49
1
0.0008183188
4
49 16
16 3
3 32
32 64
4
49 16
16 3
3 32
32 64
48
1
0.0021352768
4
48 16
16 3
3 28
28 60
4
48 16
16 3
3 28
28 60
48
1
0.0039338173
4
48 16
16 3
3 32
32 65
4
48 16
16 3
3 32
32 65
49
1
0.0011052859
4
49 16
16 3
3 24
24 59
4
49 16
16 3
3 24
24 59
50
1
0.4263351508
4
50 16
16 3
3 32
32 66
4
50 16
16 3
3 32
32 66
51
1
0.0040360071
4
51 16
16 3
3 32
32 65
4
51 16
16 3
3 32
32 65
51
1
0.0059461967
4
51 16
16 3
3 32
32 67
4
51 16
16 3
3 32
32 67
76
1
53.4313972684
4
76 44
44 0
0 16
16 48
4
76 44
44 0
0 16
16 48
50
1
0.0012550079
4
50 16
16 3
3 40
40 73
4
50 16
16 3
3 40
40 73
51
1
0.0016417896
4
51 16
16 3
3 44
44 78
4
51 16
16 3
3 44
44 78
48
1
1.3845671420
4
48 16
16 3
3 20
20 54
4
48 16
16 3
3 20
20 54
51
1
0.1914745055
4
51 16
16 3
3 24
24 56
4
51 16
16 3
3 24
24 56
51
1
0.8329836515
4
51 16
16 3
3 24
24 56
4
51 16
16 3
3 24
24 56
51
1
1.7141961210
4
51 16
16 3
3 44
44 79
4
51 16
16 3
3 44
44 79
51
1
0.6151362404
4
51 16
16 3
3 28
28 61
4
51 16
16 3
3 28
28 61
49
1
0.0015669286
4
49 16
16 3
3 32
32 64
4
49 16
16 3
3 32
32 64
49
1
0.0151520810
4
49 16
16 3
3 28
28 63
4
49 16
16 3
3 28
28 63
54
1
15.3738991981
4
54 21
21 4
4 37
37 70
4
54 21
21 4
4 37
37 70
50
1
0.0049413729
4
50 16
16 3
3 24
24 58
4
50 16
16 3
3 24
24 58
51
1
5.3401148888
4
51 16
16 3
3 24
24 58
4
51 16
16 3
3 24
24 58
