6
1500
35
1
0.0004740963
4
21 39
0 21
15 0
35 15
4
21 39
0 21
15 0
35 15
40
1
0.0110847028
4
9 27
0 9
21 0
40 21
4
40 22
22 5
5 19
19 36
35
1
1.1098763263
4
18 36
0 18
15 0
35 15
4
35 15
15 0
0 18
18 37
35
1
0.0180102386
1
35 36
1
35 36
32
1
0.0018913262
4
24 43
0 24
12 0
32 12
4
24 43
0 24
12 0
32 12
38
1
0.0012175774
4
24 43
0 24
18 0
38 18
4
38 19
19 5
5 22
22 40
37
1
85.1459789936
4
15 34
0 15
18 0
37 18
4
37 19
19 4
4 13
13 30
40
1
0.0295576478
2
21 41
40 21
2
21 41
40 21
36
1
0.0252042654
1
36 35
4
36 20
20 7
7 23
23 41
31
1
0.0017915116
4
18 36
0 18
12 0
31 12
4
31 12
12 2
2 9
9 28
29
1
0.1830265611
1
29 39
1
29 39
39
1
0.0526305745
1
39 41
4
39 21
21 2
2 12
12 32
40
1
16.6424824671
2
32 38
40 32
2
32 38
40 32
40
1
30.5968984262
1
40 31
4
40 22
22 4
4 10
10 27
30
1
0.4771662134
2
31 37
30 31
4
30 14
14 7
7 23
23 39
39
1
0.0023805324
1
39 40
1
39 40
28
1
0.0035454961
1
28 31
1
28 31
33
1
2.8678975471
1
33 34
4
33 16
16 3
3 19
19 37
27
1
67.3858132275
2
30 36
27 30
2
30 36
27 30
39
1
0.0070314063
2
21 41
39 21
4
39 21
21 1
1 9
9 27
34
1
53.4313972684
4
12 31
0 12
15 0
34 15
4
34 17
17 8
8 20
20 36
27
1
20.4482322741
4
18 36
0 18
9 0
27 9
2
27 10
10 28
34
1
0.0113045611
1
34 29
1
34 29
33
1
0.0051423377
2
15 35
33 15
4
33 16
16 5
5 10
10 28
37
1
0.2956267041
1
37 35
1
37 35
38
1
0.0067500557
4
12 30
0 12
18 0
38 18
4
38 20
20 6
6 11
11 28
30
1
0.1766906029
1
30 34
1
30 34
34
1
0.0007211410
1
34 30
1
34 30
36
1
0.0006787904
4
24 42
0 24
18 0
36 18
4
36 19
19 4
4 22
22 39
43
1
11.5681493910
1
43 35
4
43 25
25 5
5 10
10 28
28
1
0.8983378748
4
21 39
0 21
9 0
28 9
4
28 10
10 3
3 25
25 43
40
1
0.0879871871
1
40 44
4
40 21
21 1
1 12
12 30
27
1
0.0647553401
4
12 30
0 12
9 0
27 9
4
12 30
0 12
9 0
27 9
42
1
0.1365628671
4
12 32
0 12
24 0
42 24
4
12 32
0 12
24 0
42 24
39
1
0.0028506054
4
12 30
0 12
21 0
39 21
2
39 21
21 40
30
1
3.1425883629
4
15 34
0 15
12 0
30 12
4
15 34
0 15
12 0
30 12
43
1
0.7676294282
1
43 39
1
43 39
34
1
0.0080362301
2
15 33
34 15
2
15 33
34 15
41
1
0.0011676701
4
15 33
0 15
21 0
41 21
4
15 33
0 15
21 0
41 21
37
1
0.0037294377
4
9 27
0 9
18 0
37 18
4
37 20
20 7
7 17
17 35
33
1
0.0530659127
1
33 34
4
33 16
16 5
5 13
13 30
37
1
0.0013797762
4
15 35
0 15
18 0
37 18
4
15 35
0 15
18 0
37 18
33
1
0.8838147141
1
33 34
1
33 34
44
1
0.0217215594
1
44 33
4
44 25
25 4
4 19
19 36
33
1
0.0013797762
4
18 37
0 18
15 0
33 15
2
33 17
17 35
30
1
100.3689782217
2
32 38
30 32
4
30 14
14 6
6 11
11 27
43
1
0.0166910889
4
18 37
0 18
24 0
43 24
2
43 26
26 44
27
1
0.1492347837
1
27 41
1
27 41
27
1
1.2197526526
2
30 36
27 30
4
27 9
9 2
2 24
24 44
39
1
0.0009306103
4
12 31
0 12
21 0
39 21
4
39 21
21 2
2 24
24 43
31
1
0.3900272489
1
31 34
4
31 13
13 3
3 22
22 40
39
1
0.0012799615
1
39 29
1
39 29
42
1
0.0020036177
4
18 37
0 18
24 0
42 24
4
18 37
0 18
24 0
42 24
38
1
0.0040768830
4
12 30
0 12
18 0
38 18
4
38 20
20 8
8 23
23 41
30
1
0.1386748532
1
30 41
4
30 12
12 0
0 24
24 44
30
1
86.4145622626
4
18 37
0 18
12 0
30 12
4
18 37
0 18
12 0
30 12
28
1
0.1069950619
1
28 33
1
28 33
30
1
2.4833304051
2
12 31
30 12
4
30 13
13 4
4 16
16 33
43
1
0.8257220711
1
43 42
4
43 26
26 7
7 17
17 34
29
1
0.1386748532
1
29 27
4
29 10
10 3
3 25
25 43
35
1
0.1745786168
1
35 37
1
35 37
34
1
0.0162513724
1
34 44
1
34 44
29
1
0.0039338173
1
29 39
4
29 10
10 3
3 13
13 31
29
1
2.0987632630
4
21 41
0 21
9 0
29 9
4
21 41
0 21
9 0
29 9
31
1
0.0015669286
1
31 44
4
31 12
12 0
0 21
21 40
36
1
0.0026871018
2
18 38
36 18
2
18 38
36 18
32
1
0.0155917975
2
12 31
32 12
4
32 12
12 1
1 24
24 43
30
1
0.1006591036
1
30 42
4
30 13
13 5
5 25
25 43
37
1
0.0012674847
4
15 34
0 15
18 0
37 18
4
37 18
18 0
0 24
24 43
33
1
0.0020535250
4
18 37
0 18
15 0
33 15
4
33 15
15 0
0 24
24 44
37
1
120.6663105259
4
24 44
0 24
18 0
37 18
4
24 44
0 24
18 0
37 18
34
1
1.4944434684
4
18 36
0 18
15 0
34 15
4
18 36
0 18
15 0
34 15
36
1
0.8910762945
1
36 38
1
36 38
40
1
88.9517288007
2
31 37
40 31
2
31 37
40 31
28
1
0.3174114452
4
18 38
0 18
9 0
28 9
4
18 38
0 18
9 0
28 9
28
1
49.6256474613
2
9 29
28 9
4
28 9
9 0
0 18
18 37
30
1
0.0019786640
2
32 38
30 32
2
30 14
14 31
27
1
0.2675060047
4
15 35
0 15
9 0
27 9
4
27 11
11 7
7 20
20 36
42
1
0.0080764230
1
42 41
2
42 26
26 44
40
1
0.0137230021
2
21 39
40 21
2
21 39
40 21
28
1
0.0002129347
4
18 37
0 18
9 0
28 9
2
28 10
10 27
35
1
10.2995661220
1
35 37
4
35 16
16 4
4 10
10 27
32
1
0.0004529210
4
21 39
0 21
12 0
32 12
4
21 39
0 21
12 0
32 12
32
1
0.0482771921
4
21 39
0 21
12 0
32 12
4
32 14
14 6
6 26
26 42
43
1
0.8983378748
1
43 32
1
43 32
33
1
10.2995661220
4
21 41
0 21
15 0
33 15
4
33 17
17 8
8 11
11 27
30
1
0.0070715993
1
30 43
1
30 43
34
1
0.0080764230
1
34 43
4
34 16
16 4
4 10
10 27
29
1
0.0013049152
1
29 41
1
29 41
33
1
5.8894965203
4
18 37
0 18
15 0
33 15
4
33 15
15 0
0 21
21 41
40
1
0.2379381995
4
12 31
0 12
21 0
40 21
4
12 31
0 12
21 0
40 21
31
1
0.0007705499
4
24 43
0 24
12 0
31 12
4
24 43
0 24
12 0
31 12
34
1
0.0148222935
4
24 44
0 24
15 0
34 15
2
34 16
16 33
33
1
0.0017416043
1
33 37
4
33 15
15 1
1 24
24 44
29
1
0.0517598980
1
29 41
4
29 9
9 0
0 15
15 34
38
1
0.3609809274
2
32 44
38 32
2
32 44
38 32
37
1
0.0008557493
4
21 41
0 21
18 0
37 18
4
21 41
0 21
18 0
37 18
41
1
0.0085563326
4
24 44
0 24
21 0
41 21
4
24 44
0 24
21 0
41 21
39
1
0.1534587559
1
39 30
4
39 23
23 8
8 20
20 36
29
1
0.0018538957
1
29 33
4
29 11
11 8
8 14
14 32
39
1
0.0317343390
4
12 32
0 12
21 0
39 21
4
39 22
22 3
3 13
13 30
42
1
0.0001917595
2
24 43
42 24
4
42 26
26 7
7 23
23 40
27
1
0.7022752048
1
27 43
2
27 10
10 29
44
1
0.2421621717
1
44 32
4
44 26
26 8
8 23
23 40
32
1
4.2962897890
4
18 37
0 18
12 0
32 12
4
32 13
13 3
3 25
25 44
38
1
0.0045796364
4
24 44
0 24
18 0
38 18
4
38 19
19 3
3 10
10 28
43
1
0.0858752010
4
9 28
0 9
24 0
43 24
2
43 26
26 44
34
1
0.0018164652
1
34 36
4
34 17
17 7
7 20
20 37
30
1
0.0027688536
4
9 29
0 9
12 0
30 12
2
30 14
14 32
30
1
0.1766906029
4
21 39
0 21
12 0
30 12
4
21 39
0 21
12 0
30 12
44
1
0.3755040882
2
24 42
44 24
4
44 26
26 8
8 14
14 32
37
1
0.0020739630
2
31 41
37 31
2
31 41
37 31
42
1
0.9201226159
1
42 32
4
42 25
25 5
5 16
16 35
35
1
0.9128610356
1
35 37
1
35 37
29
1
0.0689793123
4
21 39
0 21
9 0
29 9
4
29 10
10 3
3 19
19 36
32
1
0.0014047298
1
32 43
1
32 43
36
1
0.0204155447
4
9 27
0 9
18 0
36 18
4
36 18
18 1
1 12
12 31
27
1
0.6732288833
1
27 28
4
27 10
10 4
4 13
13 30
44
1
0.0040155692
4
15 33
0 15
24 0
44 24
4
44 24
24 1
1 21
21 41
35
1
94.0260618767
2
15 33
35 15
2
15 33
35 15
41
1
0.0032798026
2
21 40
41 21
2
21 40
41 21
42
1
0.0144925061
4
18 36
0 18
24 0
42 24
4
42 26
26 7
7 20
20 38
39
1
0.0753152705
4
12 32
0 12
21 0
39 21
4
12 32
0 12
21 0
39 21
36
1
0.0013672994
1
36 43
1
36 43
31
1
2.0987632630
1
31 41
4
31 13
13 5
5 22
22 39
30
1
0.0028506054
4
15 33
0 15
12 0
30 12
4
30 12
12 1
1 18
18 37
30
1
0.0067902487
1
30 36
1
30 36
31
1
0.1492347837
1
31 28
4
31 14
14 7
7 20
20 36
39
1
0.0006858489
4
12 30
0 12
21 0
39 21
2
39 23
23 41
36
1
2.4283922419
4
15 34
0 15
18 0
36 18
4
15 34
0 15
18 0
36 18
44
1
0.0107549154
2
24 43
44 24
2
24 43
44 24
41
1
35.6712315022
2
21 40
41 21
4
41 23
23 8
8 20
20 37
31
1
0.8184604908
4
15 35
0 15
12 0
31 12
2
31 14
14 30
27
1
0.0011302396
4
21 41
0 21
9 0
27 9
4
27 11
11 8
8 17
17 33
35
1
0.2062584081
4
18 38
0 18
15 0
35 15
4
18 38
0 18
15 0
35 15
40
1
0.0035863720
4
15 34
0 15
21 0
40 21
4
40 23
23 7
7 20
20 37
32
1
114.3233941809
4
15 33
0 15
12 0
32 12
4
32 12
12 0
0 18
18 38
31
1
0.0013423457
1
31 37
2
31 13
13 32
40
1
35.6712315022
1
40 28
1
40 28
30
1
0.5425204367
1
30 34
1
30 34
35
1
0.0020739630
1
35 38
1
35 38
40
1
0.0012924384
1
40 42
4
40 23
23 7
7 17
17 35
29
1
0.0009056566
2
30 36
29 30
2
30 36
29 30
34
1
0.1999224499
1
34 33
4
34 17
17 6
6 26
26 43
35
1
0.0595959863
4
18 36
0 18
15 0
35 15
4
35 16
16 4
4 13
13 32
34
1
0.0417471185
4
18 36
0 18
15 0
34 15
4
34 16
16 4
4 13
13 30
39
1
0.0011427164
1
39 31
4
39 21
21 0
0 12
12 32
43
1
105.4433112978
4
21 41
0 21
24 0
43 24
4
43 24
24 2
2 15
15 33
36
1
0.0180102386
1
36 43
4
36 18
18 1
1 24
24 42
27
1
0.0006858489
1
27 39
1
27 39
34
1
0.4699046330
4
24 43
0 24
15 0
34 15
2
34 15
15 33
34
1
0.1133310202
1
34 41
4
34 16
16 3
3 13
13 31
30
1
0.1027710897
4
9 27
0 9
12 0
30 12
4
9 27
0 9
12 0
30 12
32
1
0.0037907516
1
32 42
2
32 12
12 30
34
1
0.8039373300
2
28 40
34 28
4
34 16
16 3
3 13
13 30
28
1
0.1682426585
4
15 34
0 15
9 0
28 9
2
28 10
10 27
30
1
0.0176804512
4
15 33
0 15
12 0
30 12
4
30 12
12 1
1 18
18 37
33
1
0.0045394434
4
9 27
0 9
15 0
33 15
4
9 27
0 9
15 0
33 15
40
1
4.0215989733
4
12 30
0 12
21 0
40 21
4
12 30
0 12
21 0
40 21
38
1
0.0003752784
2
32 43
38 32
2
32 43
38 32
31
1
0.0378290743
4
9 28
0 9
12 0
31 12
4
9 28
0 9
12 0
31 12
30
1
0.2548340882
1
30 42
1
30 42
40
1
2.4283922419
1
40 27
4
40 21
21 2
2 18
18 38
43
1
0.5425204367
1
43 29
4
43 26
26 7
7 14
14 30
37
1
5.8894965203
2
31 29
37 31
4
37 18
18 2
2 15
15 35
29
1
0.1344508811
4
24 42
0 24
9 0
29 9
4
24 42
0 24
9 0
29 9
28
1
0.1344508811
1
28 41
1
28 41
27
1
0.0013922530
1
27 28
1
27 28
39
1
5.3950530520
4
9 29
0 9
21 0
39 21
4
39 23
23 6
6 14
14 31
31
1
0.7894141693
4
24 43
0 24
12 0
31 12
4
24 43
0 24
12 0
31 12
35
1
52.1628139994
2
29 39
35 29
2
29 39
35 29
30
1
0.0591606481
4
9 29
0 9
12 0
30 12
4
30 12
12 0
0 24
24 44
39
1
0.0013049152
4
9 29
0 9
21 0
39 21
4
9 29
0 9
21 0
39 21
29
1
0.0170208763
4
18 37
0 18
9 0
29 9
4
18 37
0 18
9 0
29 9
28
1
0.2883651237
4
12 31
0 12
9 0
28 9
4
28 11
11 8
8 14
14 32
31
1
0.3537193471
4
15 33
0 15
12 0
31 12
2
31 14
14 30
28
1
0.0166910889
1
28 44
1
28 44
29
1
0.0063481262
2
9 27
29 9
2
9 27
29 9
35
1
0.6950136245
2
29 28
35 29
2
29 28
35 29
42
1
96.5632284147
4
15 34
0 15
24 0
42 24
2
42 25
25 44
42
1
0.6223978208
1
42 39
2
42 24
24 43
38
1
0.0153719392
2
32 30
38 32
4
38 18
18 0
0 12
12 31
31
1
0.0443591479
4
9 28
0 9
12 0
31 12
4
9 28
0 9
12 0
31 12
35
1
0.1809145750
4
12 30
0 12
15 0
35 15
4
35 17
17 7
7 23
23 40
36
1
0.0003893952
2
18 37
36 18
4
36 18
18 0
0 15
15 33
33
1
0.0028097295
1
33 28
1
33 28
31
1
0.0057050390
1
31 28
1
31 28
28
1
0.0004882131
1
28 27
1
28 27
35
1
0.0002835189
2
15 34
35 15
2
15 34
35 15
29
1
90.2203120697
4
12 31
0 12
9 0
29 9
4
12 31
0 12
9 0
29 9
43
1
0.0032389267
4
18 37
0 18
24 0
43 24
4
18 37
0 18
24 0
43 24
32
1
0.0144925061
1
32 35
1
32 35
29
1
33.1340649642
4
15 35
0 15
9 0
29 9
4
15 35
0 15
9 0
29 9
35
1
4.1314752995
4
12 30
0 12
15 0
35 15
4
12 30
0 12
15 0
35 15
28
1
0.7966757496
4
24 43
0 24
9 0
28 9
4
28 11
11 6
6 17
17 35
28
1
0.0291223095
4
15 33
0 15
9 0
28 9
4
28 11
11 6
6 26
26 43
29
1
2.4283922419
2
30 36
29 30
2
30 36
29 30
36
1
0.0002976358
4
12 32
0 12
18 0
36 18
4
12 32
0 12
18 0
36 18
38
1
0.0079558442
4
12 32
0 12
18 0
38 18
4
12 32
0 12
18 0
38 18
41
1
0.0088861200
2
30 36
41 30
4
41 21
21 0
0 18
18 37
42
1
0.8111989104
2
32 38
42 32
2
32 38
42 32
32
1
0.0067902487
4
15 35
0 15
12 0
32 12
4
15 35
0 15
12 0
32 12
32
1
5.4499912151
1
32 30
4
32 12
12 1
1 24
24 44
34
1
21.7168155431
1
34 36
1
34 36
38
1
0.0051825307
2
32 43
38 32
4
38 18
18 0
0 21
21 41
30
1
30.5968984262
1
30 28
1
30 28
31
1
0.0119641359
4
15 35
0 15
12 0
31 12
4
15 35
0 15
12 0
31 12
44
1
0.0009430871
4
9 28
0 9
24 0
44 24
4
44 25
25 3
3 13
13 32
36
1
5.1203622363
4
9 28
0 9
18 0
36 18
4
9 28
0 9
18 0
36 18
31
1
0.0265102801
1
31 34
1
31 34
30
1
0.0039542553
1
30 27
1
30 27
38
1
0.2273782690
2
32 44
38 32
4
38 20
20 6
6 14
14 30
29
1
24.2539820811
4
12 31
0 12
9 0
29 9
4
12 31
0 12
9 0
29 9
41
1
0.0027279777
4
12 31
0 12
21 0
41 21
4
12 31
0 12
21 0
41 21
30
1
0.0009306103
4
18 36
0 18
12 0
30 12
4
18 36
0 18
12 0
30 12
29
1
0.0565486186
2
30 36
29 30
4
29 9
9 1
1 21
21 39
41
1
0.2147063525
2
21 39
41 21
2
21 39
41 21
29
1
0.0543719274
1
29 28
1
29 28
43
1
0.0002835189
1
43 36
4
43 24
24 1
1 21
21 39
31
1
0.0111946319
4
15 35
0 15
12 0
31 12
4
15 35
0 15
12 0
31 12
41
1
0.0184499552
4
18 36
0 18
21 0
41 21
4
18 36
0 18
21 0
41 21
37
1
0.9201226159
4
21 41
0 21
18 0
37 18
4
37 19
19 4
4 16
16 35
29
1
0.0073931429
1
29 31
1
29 31
32
1
0.0556779422
1
32 44
1
32 44
35
1
0.0238982506
1
35 34
4
35 15
15 0
0 9
9 27
37
1
0.0007987836
4
24 42
0 24
18 0
37 18
4
24 42
0 24
18 0
37 18
27
1
4.9006095837
4
12 31
0 12
9 0
27 9
4
12 31
0 12
9 0
27 9
34
1
0.0056246531
1
34 35
4
34 16
16 3
3 25
25 42
44
1
0.1555707420
4
21 40
0 21
24 0
44 24
4
21 40
0 21
24 0
44 24
39
1
0.0343463684
1
39 27
1
39 27
42
1
0.0295576478
4
18 38
0 18
24 0
42 24
4
42 24
24 1
1 21
21 40
42
1
0.9055994552
4
12 30
0 12
24 0
42 24
4
12 30
0 12
24 0
42 24
28
1
0.0096556240
4
15 33
0 15
9 0
28 9
4
15 33
0 15
9 0
28 9
38
1
0.0038520655
2
32 44
38 32
2
32 44
38 32
40
1
90.2203120697
1
40 28
4
40 23
23 8
8 20
20 37
43
1
0.2883651237
4
15 34
0 15
24 0
43 24
4
43 26
26 6
6 17
17 33
28
1
0.7676294282
4
24 42
0 24
9 0
28 9
4
24 42
0 24
9 0
28 9
42
1
0.0007423162
4
9 28
0 9
24 0
42 24
4
42 24
24 2
2 18
18 38
31
1
5.5598675415
1
31 29
1
31 29
37
1
3.3074028523
4
12 30
0 12
18 0
37 18
4
12 30
0 12
18 0
37 18
42
1
0.0543719274
1
42 32
4
42 24
24 1
1 15
15 33
43
1
0.0162513724
1
43 30
1
43 30
33
1
0.0163613015
1
33 32
1
33 32
37
1
0.0024009703
4
21 40
0 21
18 0
37 18
4
37 19
19 3
3 25
25 43
34
1
0.0039746932
4
18 37
0 18
15 0
34 15
4
34 17
17 7
7 20
20 36
40
1
0.0469711774
4
15 35
0 15
21 0
40 21
4
15 35
0 15
21 0
40 21
43
1
0.1048830758
4
12 32
0 12
24 0
43 24
4
12 32
0 12
24 0
43 24
42
1
0.1323388950
4
12 31
0 12
24 0
42 24
4
42 26
26 8
8 17
17 34
27
1
0.2569460743
4
15 33
0 15
9 0
27 9
4
27 11
11 6
6 20
20 38
32
1
0.0002129347
1
32 35
2
32 13
13 30
44
1
0.0452298244
4
9 28
0 9
24 0
44 24
4
9 28
0 9
24 0
44 24
27
1
1.5493816315
4
18 37
0 18
9 0
27 9
2
27 9
9 28
42
1
15.3738991981
1
42 32
4
42 24
24 2
2 21
21 41
33
1
0.0417471185
1
33 34
1
33 34
43
1
0.0040155692
2
32 38
43 32
2
32 38
43 32
29
1
0.0026257879
4
21 40
0 21
9 0
29 9
4
21 40
0 21
9 0
29 9
41
1
0.0007352578
1
41 43
1
41 43
29
1
0.0002199931
1
29 27
1
29 27
41
1
0.0047404082
4
15 34
0 15
21 0
41 21
4
15 34
0 15
21 0
41 21
38
1
0.0007140825
4
15 33
0 15
18 0
38 18
4
15 33
0 15
18 0
38 18
27
1
1.1648144894
4
15 34
0 15
9 0
27 9
4
15 34
0 15
9 0
27 9
31
1
0.0347817066
1
31 43
2
31 14
14 30
36
1
0.0352170449
2
18 38
36 18
2
36 18
18 37
33
1
0.0054236884
1
33 28
1
33 28
44
1
0.0005093884
1
44 35
4
44 24
24 0
0 21
21 39
41
1
0.0037294377
4
9 28
0 9
21 0
41 21
4
9 28
0 9
21 0
41 21
43
1
0.0104251279
4
9 27
0 9
24 0
43 24
4
9 27
0 9
24 0
43 24
37
1
0.0487125303
4
15 35
0 15
18 0
37 18
4
37 20
20 7
7 26
26 44
35
1
0.0020160945
4
9 27
0 9
15 0
35 15
4
35 15
15 2
2 24
24 43
40
1
4.9006095837
1
40 33
1
40 33
31
1
0.0059461967
1
31 41
4
31 13
13 3
3 25
25 42
36
1
0.0081166160
2
30 29
36 30
2
30 29
36 30
42
1
0.0020160945
4
15 33
0 15
24 0
42 24
4
42 25
25 4
4 13
13 31
39
1
2.9228357103
1
39 41
2
39 23
23 40
33
1
0.0003611615
4
9 27
0 9
15 0
33 15
4
9 27
0 9
15 0
33 15
30
1
0.0027484156
1
30 34
1
30 34
43
1
36.9398147712
4
18 37
0 18
24 0
43 24
4
18 37
0 18
24 0
43 24
37
1
0.0032593646
4
12 30
0 12
18 0
37 18
4
12 30
0 12
18 0
37 18
35
1
0.0052629165
1
35 44
4
35 16
16 3
3 19
19 37
39
1
0.0002905773
2
30 36
39 30
4
39 21
21 2
2 24
24 44
27
1
0.0837632149
4
12 31
0 12
9 0
27 9
4
12 31
0 12
9 0
27 9
30
1
0.6804904637
2
12 31
30 12
4
30 13
13 5
5 10
10 28
39
1
0.0024009703
2
30 36
39 30
2
30 36
39 30
42
1
0.9419073570
4
12 31
0 12
24 0
42 24
4
42 26
26 6
6 20
20 36
44
1
0.1914745055
4
12 31
0 12
24 0
44 24
4
12 31
0 12
24 0
44 24
34
1
0.6441825619
4
12 32
0 12
15 0
34 15
4
12 32
0 12
15 0
34 15
29
1
0.9927384196
2
30 36
29 30
4
29 9
9 2
2 18
18 38
31
1
0.2811035434
1
31 32
1
31 32
30
1
85.1459789936
4
15 34
0 15
12 0
30 12
4
15 34
0 15
12 0
30 12
36
1
0.0037703136
4
9 27
0 9
18 0
36 18
4
36 19
19 4
4 10
10 28
40
1
0.0014296835
4
9 27
0 9
21 0
40 21
4
40 21
21 2
2 15
15 34
42
1
0.0079156512
4
18 37
0 18
24 0
42 24
4
18 37
0 18
24 0
42 24
30
1
0.0148222935
4
9 29
0 9
12 0
30 12
4
9 29
0 9
12 0
30 12
37
1
0.0019786640
4
15 35
0 15
18 0
37 18
4
15 35
0 15
18 0
37 18
30
1
1.0000000000
1
30 32
4
30 14
14 7
7 23
23 39
44
1
0.0434884714
4
12 32
0 12
24 0
44 24
4
44 24
24 0
0 18
18 37
32
1
0.4408583115
4
15 33
0 15
12 0
32 12
4
15 33
0 15
12 0
32 12
29
1
0.0668673262
4
18 36
0 18
9 0
29 9
4
29 11
11 7
7 23
23 39
44
1
0.0181201677
4
12 32
0 12
24 0
44 24
4
12 32
0 12
24 0
44 24
40
1
0.0456651626
2
21 39
40 21
4
40 21
21 1
1 24
24 42
29
1
0.0012175774
4
12 32
0 12
9 0
29 9
4
29 10
10 5
5 22
22 39
44
1
0.0622080158
4
15 35
0 15
24 0
44 24
4
15 35
0 15
24 0
44 24
41
1
0.0162513724
1
41 31
4
41 21
21 1
1 18
18 38
27
1
0.0001917595
1
27 28
1
27 28
42
1
0.0089960491
1
42 27
4
42 24
24 1
1 12
12 30
41
1
0.0031367369
4
24 44
0 24
21 0
41 21
4
41 22
22 3
3 13
13 30
34
1
0.0189996009
4
21 39
0 21
15 0
34 15
4
21 39
0 21
15 0
34 15
34
1
62.3114801514
1
34 32
4
34 16
16 3
3 10
10 27
39
1
0.4190735704
2
31 37
39 31
2
31 37
39 31
30
1
1.8790106104
1
30 29
1
30 29
38
1
0.0189996009
4
12 32
0 12
18 0
38 18
4
12 32
0 12
18 0
38 18
31
1
0.1576827280
1
31 39
1
31 39
37
1
1.7691342841
1
37 33
4
37 19
19 3
3 16
16 35
28
1
2.2086395893
1
28 32
4
28 9
9 2
2 12
12 30
42
1
4.2962897890
4
12 32
0 12
24 0
42 24
4
42 24
24 1
1 18
18 37
44
1
2.2635777524
4
12 30
0 12
24 0
44 24
4
44 26
26 7
7 20
20 37
34
1
0.0221568977
1
34 44
4
34 15
15 1
1 18
18 38
35
1
120.6663105259
4
21 39
0 21
15 0
35 15
4
21 39
0 21
15 0
35 15
42
1
0.2717299769
4
18 36
0 18
24 0
42 24
4
18 36
0 18
24 0
42 24
31
1
0.2738419630
4
18 38
0 18
12 0
31 12
4
18 38
0 18
12 0
31 12
36
1
0.0517598980
2
30 42
36 30
2
30 42
36 30
38
1
0.2168183386
2
32 41
38 32
4
38 20
20 6
6 23
23 40
39
1
67.3858132275
4
12 32
0 12
21 0
39 21
4
12 32
0 12
21 0
39 21
43
1
0.0035046202
4
9 27
0 9
24 0
43 24
4
9 27
0 9
24 0
43 24
38
1
0.0075137218
2
32 30
38 32
4
38 20
20 8
8 23
23 39
37
1
0.0369583978
1
37 32
4
37 19
19 3
3 22
22 41
35
1
69.9229797655
4
12 31
0 12
15 0
35 15
4
12 31
0 12
15 0
35 15
34
1
0.0008183188
2
28 27
34 28
4
34 16
16 5
5 13
13 30
38
1
22.9853988121
1
38 33
1
38 33
42
1
0.6804904637
1
42 28
1
42 28
39
1
0.0039338173
2
27 33
39 27
2
27 33
39 27
41
1
0.0064687051
2
29 35
41 29
2
29 35
41 29
37
1
0.0002270516
4
12 32
0 12
18 0
37 18
4
12 32
0 12
18 0
37 18
27
1
0.0230275742
4
18 38
0 18
9 0
27 9
4
27 11
11 7
7 20
20 36
34
1
0.0439238097
1
34 37
1
34 37
27
1
0.0111946319
4
12 31
0 12
9 0
27 9
4
12 31
0 12
9 0
27 9
38
1
0.1428988254
2
18 37
38 18
4
38 20
20 7
7 17
17 34
39
1
91.4888953387
4
18 37
0 18
21 0
39 21
4
39 21
21 1
1 24
24 43
41
1
0.0119641359
4
12 32
0 12
21 0
41 21
4
41 23
23 8
8 26
26 44
28
1
0.0018663726
1
28 39
4
28 11
11 7
7 23
23 40
43
1
0.5352588563
1
43 42
4
43 25
25 3
3 10
10 29
42
1
0.0008058420
2
24 43
42 24
2
24 43
42 24
43
1
78.8030626486
4
9 29
0 9
24 0
43 24
4
43 26
26 6
6 14
14 32
42
1
0.0230275742
1
42 30
1
42 30
42
1
0.6587057226
4
12 32
0 12
24 0
42 24
4
42 26
26 6
6 17
17 33
41
1
0.9709536785
2
29 35
41 29
2
29 35
41 29
31
1
0.0098754822
1
31 40
1
31 40
40
1
16.6424824671
4
12 30
0 12
21 0
40 21
4
12 30
0 12
21 0
40 21
27
1
0.4045504097
1
27 40
1
27 40
29
1
76.2658961106
1
29 39
1
29 39
41
1
0.0003258694
4
24 44
0 24
21 0
41 21
4
24 44
0 24
21 0
41 21
35
1
0.0011801469
4
18 37
0 18
15 0
35 15
4
18 37
0 18
15 0
35 15
39
1
0.0155917975
1
39 27
4
39 22
22 4
4 16
16 33
37
1
0.0039338173
2
31 30
37 31
4
37 18
18 0
0 9
9 27
40
1
0.2252662829
1
40 39
4
40 22
22 5
5 25
25 42
44
1
0.0031571748
1
44 29
1
44 29
32
1
88.9517288007
1
32 40
1
32 40
36
1
0.0609020010
1
36 34
4
36 18
18 1
1 9
9 29
39
1
1.8790106104
2
31 37
39 31
4
39 23
23 6
6 11
11 28
27
1
0.2400501856
1
27 41
2
27 10
10 28
34
1
0.0334756919
1
34 31
4
34 15
15 0
0 18
18 36
43
1
0.0005376220
4
18 37
0 18
24 0
43 24
2
43 25
25 42
28
1
0.0105350571
2
30 36
28 30
4
28 11
11 8
8 23
23 39
35
1
0.0025644740
4
12 32
0 12
15 0
35 15
4
12 32
0 12
15 0
35 15
35
1
0.0010054713
2
29 27
35 29
2
29 27
35 29
29
1
0.0010928091
4
24 42
0 24
9 0
29 9
4
29 11
11 6
6 14
14 31
41
1
0.0020285713
1
41 27
1
41 27
39
1
0.0049815659
4
18 38
0 18
21 0
39 21
4
39 23
23 7
7 20
20 37
27
1
38.2083980403
1
27 39
1
27 39
31
1
0.0774272566
2
12 32
31 12
4
31 13
13 3
3 22
22 40
37
1
78.8030626486
1
37 31
1
37 31
27
1
0.0174605929
1
27 42
4
27 10
10 3
3 25
25 44
31
1
0.0002552852
1
31 28
4
31 13
13 3
3 19
19 37
40
1
0.0060667756
4
15 35
0 15
21 0
40 21
4
40 23
23 7
7 26
26 42
37
1
0.0565486186
2
18 36
37 18
2
18 36
37 18
30
1
0.0378290743
4
15 34
0 15
12 0
30 12
4
15 34
0 15
12 0
30 12
32
1
0.0360877214
1
32 34
4
32 12
12 0
0 9
9 27
38
1
0.0025644740
4
24 42
0 24
18 0
38 18
4
24 42
0 24
18 0
38 18
34
1
0.0321696772
4
21 39
0 21
15 0
34 15
2
34 16
16 35
38
1
0.0079558442
1
38 37
1
38 37
43
1
0.0004952715
1
43 32
1
43 32
41
1
0.0031776128
4
18 38
0 18
21 0
41 21
4
41 21
21 0
0 24
24 43
30
1
69.9229797655
4
18 38
0 18
12 0
30 12
4
18 38
0 18
12 0
30 12
42
1
5.5049293783
1
42 31
4
42 26
26 8
8 17
17 35
28
1
0.0009555640
4
12 30
0 12
9 0
28 9
4
12 30
0 12
9 0
28 9
38
1
0.0099854114
1
38 37
4
38 19
19 5
5 13
13 32
34
1
0.0108648445
2
15 33
34 15
4
34 16
16 3
3 13
13 30
28
1
0.0059461967
4
18 37
0 18
9 0
28 9
4
28 11
11 6
6 23
23 41
38
1
0.0150421518
4
9 29
0 9
18 0
38 18
4
9 29
0 9
18 0
38 18
27
1
0.0024418462
1
27 30
1
27 30
34
1
0.0005376220
1
34 30
1
34 30
44
1
0.0159215849
1
44 30
1
44 30
27
1
0.0073127570
1
27 40
4
27 9
9 0
0 18
18 38
35
1
0.0465358391
4
18 37
0 18
15 0
35 15
4
35 17
17 8
8 14
14 31
28
1
0.0040973210
1
28 33
1
28 33
32
1
0.2506101160
4
18 38
0 18
12 0
32 12
4
32 12
12 2
2 24
24 42
38
1
0.0025031601
4
15 35
0 15
18 0
38 18
4
15 35
0 15
18 0
38 18
42
1
0.0005940894
2
31 37
42 31
2
31 37
42 31
35
1
0.7603678478
2
15 33
35 15
4
35 15
15 2
2 18
18 37
27
1
0.0119641359
2
31 37
27 31
4
27 10
10 3
3 25
25 43
41
1
0.0025031601
1
41 28
4
41 21
21 0
0 18
18 37
29
1
2.1537014262
4
15 34
0 15
9 0
29 9
4
29 9
9 2
2 21
21 40
42
1
0.0007211410
1
42 34
1
42 34
40
1
4.5709806047
4
15 34
0 15
21 0
40 21
4
40 23
23 6
6 26
26 42
33
1
0.0020535250
1
33 29
4
33 17
17 6
6 20
20 38
44
1
0.1450108115
4
21 39
0 21
24 0
44 24
4
21 39
0 21
24 0
44 24
44
1
0.0326050154
4
18 37
0 18
24 0
44 24
4
44 26
26 6
6 23
23 41
33
1
0.0104251279
1
33 35
1
33 35
29
1
0.0158116558
2
31 37
29 31
2
31 37
29 31
33
1
0.0058658108
4
24 44
0 24
15 0
33 15
4
24 44
0 24
15 0
33 15
35
1
0.0352170449
4
9 28
0 9
15 0
35 15
4
9 28
0 9
15 0
35 15
38
1
0.0013797762
2
32 42
38 32
2
32 42
38 32
41
1
0.4844277937
2
31 37
41 31
2
31 37
41 31
31
1
0.0073127570
1
31 36
4
31 12
12 1
1 24
24 42
44
1
4.9555477468
4
18 38
0 18
24 0
44 24
4
44 26
26 7
7 23
23 39
41
1
0.0002199931
1
41 43
1
41 43
41
1
0.2294902551
1
41 31
1
41 31
27
1
0.0023396564
1
27 44
1
27 44
34
1
0.0119641359
2
28 39
34 28
2
34 16
16 33
39
1
0.0028097295
2
29 35
39 29
4
39 23
23 7
7 17
17 33
44
1
0.0465358391
1
44 36
1
44 36
42
1
0.0115244193
1
42 40
4
42 25
25 3
3 10
10 28
38
1
0.0036885618
2
32 39
38 32
4
38 19
19 4
4 22
22 41
44
1
0.1640186863
1
44 33
4
44 24
24 1
1 18
18 36
37
1
105.4433112978
1
37 34
1
37 34
39
1
0.0204155447
4
12 32
0 12
21 0
39 21
2
39 21
21 41
29
1
0.3827656686
4
21 41
0 21
9 0
29 9
4
29 9
9 2
2 12
12 30
32
1
0.0074735288
4
15 35
0 15
12 0
32 12
2
32 13
13 30
28
1
0.0382644126
1
28 39
4
28 11
11 7
7 23
23 40
44
1
0.0356523831
4
21 39
0 21
24 0
44 24
4
21 39
0 21
24 0
44 24
36
1
2.3185159156
1
36 34
1
36 34
40
1
0.2527221021
1
40 27
1
40 27
28
1
0.6151362404
2
9 27
28 9
4
28 9
9 0
0 18
18 38
35
1
0.0029527952
2
29 40
35 29
2
29 40
35 29
32
1
0.0005870310
4
24 43
0 24
12 0
32 12
2
32 12
12 30
33
1
0.0026871018
1
33 27
1
33 27
40
1
0.0689793123
4
9 28
0 9
21 0
40 21
4
40 21
21 0
0 15
15 34
31
1
0.0609020010
4
15 33
0 15
12 0
31 12
2
31 14
14 30
33
1
0.0093258365
4
9 29
0 9
15 0
33 15
2
33 16
16 34
33
1
0.0074333359
2
15 34
33 15
4
33 16
16 4
4 19
19 36
42
1
0.0005658557
1
42 28
4
42 26
26 8
8 14
14 32
38
1
0.0430531332
2
32 27
38 32
4
38 20
20 8
8 26
26 42
29
1
2.3185159156
1
29 30
1
29 30
30
1
0.0006929073
4
24 43
0 24
12 0
30 12
4
30 13
13 4
4 10
10 27
29
1
0.3682425078
4
24 42
0 24
9 0
29 9
4
24 42
0 24
9 0
29 9
42
1
0.2738419630
4
12 32
0 12
24 0
42 24
4
42 26
26 7
7 17
17 34
44
1
0.0135031439
1
44 34
1
44 34
42
1
0.0003258694
4
12 30
0 12
24 0
42 24
4
42 26
26 8
8 20
20 36
33
1
0.0304283242
1
33 44
1
33 44
43
1
0.0022579046
2
24 44
43 24
4
43 26
26 6
6 23
23 39
30
1
5.0654240731
4
24 44
0 24
12 0
30 12
4
24 44
0 24
12 0
30 12
41
1
29.3283151572
4
15 34
0 15
21 0
41 21
4
15 34
0 15
21 0
41 21
28
1
0.0273809566
2
29 35
28 29
4
28 9
9 0
0 18
18 38
42
1
0.8039373300
4
9 29
0 9
24 0
42 24
2
42 26
26 44
37
1
0.0587253098
4
15 35
0 15
18 0
37 18
4
15 35
0 15
18 0
37 18
31
1
0.8547683926
2
12 30
31 12
4
31 13
13 4
4 19
19 38
29
1
0.0339110302
1
29 35
1
29 35
39
1
0.0109747736
1
39 42
4
39 22
22 3
3 10
10 27
38
1
0.6441825619
2
32 27
38 32
2
32 27
38 32
27
1
0.0020410482
4
15 35
0 15
9 0
27 9
4
27 10
10 5
5 16
16 33
32
1
0.5933514993
1
32 44
2
32 12
12 30
31
1
0.0469711774
1
31 41
1
31 41
40
1
0.0154818684
4
24 44
0 24
21 0
40 21
4
40 22
22 5
5 13
13 32
27
1
0.0001705842
4
18 36
0 18
9 0
27 9
4
18 36
0 18
9 0
27 9
43
1
0.8547683926
1
43 41
4
43 26
26 7
7 14
14 30
44
1
3.4722173417
4
12 31
0 12
24 0
44 24
4
44 24
24 0
0 18
18 37
27
1
0.0408764420
4
15 33
0 15
9 0
27 9
4
27 9
9 0
0 24
24 44
37
1
0.0513245598
1
37 32
1
37 32
40
1
0.7458446870
2
21 41
40 21
2
21 41
40 21
35
1
5.0104859099
4
24 44
0 24
15 0
35 15
4
24 44
0 24
15 0
35 15
33
1
0.0012924384
4
24 44
0 24
15 0
33 15
4
33 15
15 0
0 18
18 36
30
1
0.1682426585
2
31 37
30 31
4
30 13
13 4
4 10
10 29
33
1
0.0030958610
4
21 39
0 21
15 0
33 15
4
33 16
16 4
4 10
10 29
42
1
0.0032389267
4
12 30
0 12
24 0
42 24
4
42 24
24 2
2 12
12 31
39
1
0.0001352921
2
30 36
39 30
4
39 22
22 3
3 13
13 32
27
1
4.2413516258
4
21 39
0 21
9 0
27 9
4
21 39
0 21
9 0
27 9
32
1
0.0552426039
4
21 39
0 21
12 0
32 12
4
32 13
13 4
4 19
19 38
36
1
0.0169109472
2
30 39
36 30
4
36 19
19 5
5 10
10 27
43
1
0.1471227976
4
21 41
0 21
24 0
43 24
4
43 26
26 8
8 20
20 38
32
1
0.0166910889
1
32 40
4
32 12
12 0
0 15
15 34
37
1
0.0343463684
1
37 33
1
37 33
27
1
0.2527221021
1
27 32
4
27 9
9 0
0 21
21 41
43
1
0.0029936712
4
9 28
0 9
24 0
43 24
4
43 24
24 1
1 9
9 29
39
1
0.0299929860
1
39 44
4
39 23
23 7
7 14
14 30
38
1
0.0171308055
1
38 34
1
38 34
35
1
17.9110657361
1
35 42
4
35 17
17 8
8 20
20 38
38
1
0.0013049152
4
12 32
0 12
18 0
38 18
2
38 20
20 37
32
1
0.0089960491
4
18 38
0 18
12 0
32 12
4
18 38
0 18
12 0
32 12
35
1
0.0185598843
1
35 30
1
35 30
29
1
0.0057050390
1
29 33
2
29 10
10 27
43
1
0.0088861200
4
12 30
0 12
24 0
43 24
4
43 26
26 7
7 17
17 34
33
1
0.0009555640
1
33 38
4
33 16
16 5
5 25
25 43
32
1
0.0347817066
1
32 36
1
32 36
32
1
0.0413117802
1
32 36
1
32 36
29
1
52.1628139994
2
9 27
29 9
2
9 27
29 9
43
1
0.0037498757
1
43 31
2
43 24
24 44
29
1
0.1830265611
1
29 27
4
29 11
11 8
8 26
26 42
32
1
0.0169109472
4
21 41
0 21
12 0
32 12
4
32 13
13 3
3 22
22 39
28
1
0.0029732332
2
30 36
28 30
4
28 9
9 0
0 21
21 39
39
1
0.0382644126
4
24 42
0 24
21 0
39 21
4
39 21
21 1
1 12
12 30
37
1
0.0169109472
1
37 38
4
37 19
19 4
4 10
10 27
34
1
109.2490611048
2
28 27
34 28
2
28 27
34 28
39
1
0.6877520441
1
39 40
4
39 21
21 2
2 24
24 43
27
1
0.0023805324
1
27 43
1
27 43
43
1
0.0132832856
1
43 41
1
43 41
40
1
0.0026666638
2
29 35
40 29
2
29 35
40 29
30
1
0.0051423377
1
30 42
1
30 42
38
1
0.0117442776
2
32 31
38 32
4
38 19
19 5
5 10
10 27
34
1
0.0007634915
4
24 42
0 24
15 0
34 15
4
34 16
16 3
3 13
13 32
35
1
0.8547683926
4
24 43
0 24
15 0
35 15
4
35 17
17 7
7 14
14 31
29
1
0.0109747736
4
12 32
0 12
9 0
29 9
4
12 32
0 12
9 0
29 9
42
1
0.0478418538
2
24 44
42 24
4
42 26
26 7
7 14
14 30
43
1
0.2358262134
2
31 37
43 31
2
31 37
43 31
32
1
0.1999224499
4
18 38
0 18
12 0
32 12
4
32 13
13 3
3 16
16 34
42
1
0.0578546334
4
12 30
0 12
24 0
42 24
4
42 26
26 7
7 14
14 32
37
1
0.0012924384
2
31 40
37 31
2
31 40
37 31
29
1
0.0141627187
4
15 34
0 15
9 0
29 9
4
29 9
9 2
2 18
18 38
43
1
0.0005446805
1
43 41
1
43 41
40
1
0.1956984777
1
40 42
1
40 42
36
1
0.4481198919
4
9 27
0 9
18 0
36 18
4
36 18
18 1
1 21
21 39
30
1
0.0291223095
4
9 29
0 9
12 0
30 12
4
30 13
13 5
5 19
19 37
28
1
0.0260749418
1
28 32
4
28 11
11 8
8 17
17 35
27
1
4.2413516258
4
12 30
0 12
9 0
27 9
4
27 10
10 4
4 16
16 35
36
1
0.0168010181
2
30 28
36 30
4
36 20
20 8
8 23
23 41
43
1
0.0020535250
4
18 38
0 18
24 0
43 24
4
18 38
0 18
24 0
43 24
38
1
0.0017166506
4
24 44
0 24
18 0
38 18
4
38 20
20 7
7 11
11 27
29
1
119.3977272569
4
15 34
0 15
9 0
29 9
4
15 34
0 15
9 0
29 9
29
1
0.3537193471
4
12 30
0 12
9 0
29 9
4
29 11
11 6
6 20
20 37
39
1
0.0001211753
1
39 31
1
39 31
44
1
0.0578546334
1
44 40
2
44 25
25 42
42
1
0.6151362404
2
30 36
42 30
4
42 26
26 7
7 11
11 29
28
1
0.1428988254
1
28 32
4
28 11
11 8
8 14
14 30
28
1
0.0147123644
1
28 30
1
28 30
39
1
0.0732032845
1
39 31
1
39 31
40
1
5.5598675415
1
40 43
4
40 23
23 8
8 14
14 32
39
1
0.8039373300
4
12 30
0 12
21 0
39 21
4
12 30
0 12
21 0
39 21
44
1
80.0716459176
4
18 36
0 18
24 0
44 24
4
18 36
0 18
24 0
44 24
32
1
0.0188896717
1
32 35
1
32 35
36
1
0.0067098628
1
36 34
4
36 19
19 5
5 22
22 40
37
1
0.2883651237
2
31 28
37 31
4
37 19
19 5
5 13
13 31
41
1
22.9853988121
4
15 33
0 15
21 0
41 21
2
41 23
23 39
42
1
0.0031367369
4
9 27
0 9
24 0
42 24
4
42 26
26 8
8 11
11 28
40
1
0.7385831067
4
9 28
0 9
21 0
40 21
4
9 28
0 9
21 0
40 21
40
1
1.5493816315
4
15 35
0 15
21 0
40 21
4
15 35
0 15
21 0
40 21
30
1
0.0005729141
4
9 29
0 9
12 0
30 12
4
9 29
0 9
12 0
30 12
36
1
0.0504538833
4
9 29
0 9
18 0
36 18
2
36 18
18 37
43
1
0.0008931798
2
24 42
43 24
2
24 42
43 24
36
1
0.2358262134
1
36 43
2
36 18
18 37
37
1
0.0073529499
4
24 44
0 24
18 0
37 18
4
37 18
18 0
0 15
15 34
35
1
0.0044992505
1
35 29
4
35 15
15 1
1 24
24 42
31
1
0.1555707420
4
15 33
0 15
12 0
31 12
4
31 13
13 5
5 25
25 42
32
1
0.0039746932
1
32 40
4
32 12
12 0
0 15
15 35
42
1
0.0049413729
4
21 39
0 21
24 0
42 24
4
21 39
0 21
24 0
42 24
40
1
0.0185598843
4
12 32
0 12
21 0
40 21
4
12 32
0 12
21 0
40 21
39
1
0.0110847028
4
12 31
0 12
21 0
39 21
4
12 31
0 12
21 0
39 21
32
1
0.5933514993
1
32 30
1
32 30
35
1
0.0021557148
4
24 44
0 24
15 0
35 15
4
35 16
16 4
4 19
19 38
37
1
0.6804904637
4
15 35
0 15
18 0
37 18
4
37 20
20 7
7 14
14 31
38
1
0.0008807030
4
15 33
0 15
18 0
38 18
4
15 33
0 15
18 0
38 18
39
1
0.0111946319
1
39 27
4
39 22
22 4
4 16
16 35
39
1
5.2302385626
4
9 27
0 9
21 0
39 21
4
9 27
0 9
21 0
39 21
35
1
53.4313972684
4
12 31
0 12
15 0
35 15
4
35 16
16 5
5 13
13 30
31
1
0.0094357657
4
18 36
0 18
12 0
31 12
4
18 36
0 18
12 0
31 12
44
1
0.6223978208
4
15 35
0 15
24 0
44 24
4
15 35
0 15
24 0
44 24
31
1
3.5820936681
4
15 33
0 15
12 0
31 12
4
31 12
12 1
1 18
18 36
35
1
0.0019786640
1
35 37
4
35 17
17 7
7 23
23 41
30
1
0.0037294377
1
30 36
1
30 36
37
1
0.0029323573
4
15 33
0 15
18 0
37 18
4
37 20
20 6
6 14
14 30
36
1
0.0461005009
1
36 37
4
36 18
18 0
0 12
12 32
34
1
0.0010179481
4
12 31
0 12
15 0
34 15
4
34 17
17 7
7 26
26 42
41
1
0.0369583978
4
18 36
0 18
21 0
41 21
4
18 36
0 18
21 0
41 21
40
1
0.6950136245
1
40 27
4
40 22
22 5
5 13
13 30
33
1
0.0007493746
1
33 43
1
33 43
28
1
0.0049011800
4
18 37
0 18
9 0
28 9
4
18 37
0 18
9 0
28 9
30
1
0.1619067002
1
30 44
4
30 14
14 6
6 23
23 39
27
1
0.0011052859
4
18 37
0 18
9 0
27 9
4
27 11
11 8
8 26
26 43
43
1
0.0055844601
4
21 39
0 21
24 0
43 24
4
21 39
0 21
24 0
43 24
32
1
0.0007211410
1
32 40
4
32 12
12 0
0 15
15 34
39
1
0.0404411038
2
21 40
39 21
2
21 40
39 21
28
1
47.0884809233
4
15 34
0 15
9 0
28 9
4
28 10
10 5
5 16
16 35
31
1
0.0068706346
4
24 44
0 24
12 0
31 12
4
24 44
0 24
12 0
31 12
44
1
0.3900272489
2
24 42
44 24
4
44 25
25 5
5 22
22 41
31
1
0.0024827222
4
24 43
0 24
12 0
31 12
4
24 43
0 24
12 0
31 12
38
1
130.8149766780
4
24 44
0 24
18 0
38 18
4
38 18
18 0
0 9
9 28
37
1
0.0013797762
2
31 30
37 31
4
37 18
18 1
1 24
24 42
43
1
5.7796201941
1
43 35
4
43 24
24 2
2 9
9 27
35
1
0.0009555640
4
9 27
0 9
15 0
35 15
4
35 17
17 7
7 11
11 28
44
1
0.0057050390
4
9 27
0 9
24 0
44 24
4
9 27
0 9
24 0
44 24
29
1
0.1302269089
4
24 42
0 24
9 0
29 9
4
24 42
0 24
9 0
29 9
31
1
0.0014671140
1
31 40
2
31 12
12 30
38
1
4.1864134627
4
21 41
0 21
18 0
38 18
4
38 18
18 2
2 9
9 29
28
1
0.0059461967
4
15 33
0 15
9 0
28 9
4
15 33
0 15
9 0
28 9
27
1
0.0039542553
4
21 39
0 21
9 0
27 9
4
21 39
0 21
9 0
27 9
37
1
0.0028301675
4
24 44
0 24
18 0
37 18
4
37 20
20 8
8 23
23 40
41
1
0.0208508830
1
41 39
4
41 22
22 3
3 10
10 29
29
1
29.3283151572
4
15 34
0 15
9 0
29 9
4
29 11
11 7
7 14
14 30
32
1
0.0002199931
4
21 39
0 21
12 0
32 12
4
32 13
13 3
3 22
22 41
39
1
0.0136130730
2
28 34
39 28
4
39 22
22 4
4 19
19 36
34
1
0.0160315141
4
12 31
0 12
15 0
34 15
4
12 31
0 12
15 0
34 15
31
1
0.0858752010
4
15 33
0 15
12 0
31 12
4
15 33
0 15
12 0
31 12
41
1
0.0002058763
1
41 39
4
41 23
23 7
7 20
20 37
43
1
0.0732032845
4
15 35
0 15
24 0
43 24
4
15 35
0 15
24 0
43 24
31
1
0.0039951312
1
31 30
4
31 12
12 0
0 24
24 43
41
1
0.1196669784
4
15 34
0 15
21 0
41 21
4
41 22
22 4
4 25
25 44
38
1
0.8910762945
4
9 28
0 9
18 0
38 18
2
38 18
18 36
43
1
0.0006152647
2
24 44
43 24
2
24 44
43 24
28
1
0.0035863720
4
18 38
0 18
9 0
28 9
4
18 38
0 18
9 0
28 9
32
1
0.0027484156
1
32 31
4
32 14
14 7
7 23
23 40
27
1
78.8030626486
4
21 39
0 21
9 0
27 9
4
21 39
0 21
9 0
27 9
42
1
3.1975265260
2
24 43
42 24
4
42 25
25 4
4 13
13 30
34
1
0.7821525889
1
34 32
1
34 32
34
1
0.0073931429
4
9 27
0 9
15 0
34 15
4
9 27
0 9
15 0
34 15
40
1
0.4916893741
2
31 37
40 31
2
31 37
40 31
33
1
0.0010678554
1
33 36
4
33 16
16 3
3 19
19 38
30
1
0.8475068122
2
32 38
30 32
4
30 12
12 0
0 9
9 27
27
1
0.2337142273
2
28 34
27 28
2
28 34
27 28
30
1
0.0185598843
4
9 29
0 9
12 0
30 12
4
9 29
0 9
12 0
30 12
35
1
0.1175549923
1
35 30
4
35 16
16 4
4 25
25 42
27
1
0.6877520441
2
9 29
27 9
2
9 29
27 9
44
1
2.0438250999
4
21 39
0 21
24 0
44 24
4
21 39
0 21
24 0
44 24
38
1
0.0508892215
2
32 30
38 32
2
32 30
38 32
39
1
0.0269456183
4
12 30
0 12
21 0
39 21
4
12 30
0 12
21 0
39 21
30
1
0.0504538833
4
15 35
0 15
12 0
30 12
4
15 35
0 15
12 0
30 12
30
1
0.0013049152
4
24 42
0 24
12 0
30 12
4
30 12
12 1
1 9
9 28
43
1
0.0044992505
4
12 32
0 12
24 0
43 24
4
43 26
26 6
6 20
20 36
36
1
2.6481448945
4
24 43
0 24
18 0
36 18
4
36 20
20 7
7 17
17 34
37
1
0.0015794055
2
31 40
37 31
2
31 40
37 31
35
1
0.0003823368
4
12 30
0 12
15 0
35 15
4
12 30
0 12
15 0
35 15
41
1
0.0005658557
4
18 36
0 18
21 0
41 21
4
41 22
22 3
3 16
16 33
43
1
0.0005658557
2
24 42
43 24
4
43 25
25 4
4 10
10 29
29
1
0.0033206785
1
29 28
4
29 11
11 6
6 20
20 36
27
1
0.0006717320
4
21 40
0 21
9 0
27 9
4
21 40
0 21
9 0
27 9
35
1
0.0054236884
1
35 37
4
35 17
17 7
7 26
26 43
32
1
0.9128610356
4
21 41
0 21
12 0
32 12
4
21 41
0 21
12 0
32 12
35
1
4.9006095837
4
21 40
0 21
15 0
35 15
4
35 17
17 6
6 20
20 36
37
1
6.1092491730
2
31 28
37 31
2
31 28
37 31
32
1
0.0426177950
4
15 35
0 15
12 0
32 12
4
32 12
12 1
1 15
15 33
29
1
0.0038316275
4
18 38
0 18
9 0
29 9
4
18 38
0 18
9 0
29 9
30
1
0.0031162989
2
12 31
30 12
4
30 14
14 7
7 26
26 43
30
1
0.0128435690
4
24 43
0 24
12 0
30 12
4
30 12
12 1
1 24
24 42
33
1
0.0001211753
2
27 39
33 27
2
33 16
16 35
43
1
0.0230275742
4
18 36
0 18
24 0
43 24
4
18 36
0 18
24 0
43 24
44
1
0.0164712306
4
12 32
0 12
24 0
44 24
2
44 26
26 42
43
1
0.2210423108
1
43 29
4
43 25
25 3
3 19
19 36
27
1
0.0034841822
2
29 35
27 29
2
27 9
9 28
40
1
0.4481198919
4
15 33
0 15
21 0
40 21
4
40 23
23 8
8 14
14 32
37
1
0.4045504097
4
12 31
0 12
18 0
37 18
4
37 18
18 0
0 24
24 42
42
1
0.0014671140
1
42 44
4
42 26
26 8
8 20
20 38
32
1
0.0020160945
4
18 36
0 18
12 0
32 12
4
18 36
0 18
12 0
32 12
29
1
0.6804904637
1
29 32
1
29 32
37
1
0.0001141168
4
12 32
0 12
18 0
37 18
4
37 18
18 0
0 9
9 29
41
1
0.3682425078
4
18 36
0 18
21 0
41 21
4
18 36
0 18
21 0
41 21
29
1
1.4395053052
1
29 28
1
29 28
34
1
0.0017665579
1
34 29
4
34 16
16 3
3 25
25 42
27
1
0.0447944862
2
9 29
27 9
4
27 9
9 1
1 24
24 43
31
1
0.5788283385
1
31 39
4
31 12
12 0
0 21
21 40
42
1
0.0015669286
1
42 43
4
42 26
26 7
7 11
11 29
28
1
0.0004740963
4
24 42
0 24
9 0
28 9
4
24 42
0 24
9 0
28 9
28
1
49.6256474613
1
28 40
1
28 40
30
1
0.9782152589
1
30 27
1
30 27
42
1
77.5344793796
4
12 30
0 12
24 0
42 24
2
42 25
25 43
40
1
0.0491478686
2
31 37
40 31
4
40 23
23 8
8 14
14 30
41
1
0.4989509545
1
41 39
1
41 39
43
1
4.1314752995
1
43 41
1
43 41
31
1
0.0015170213
1
31 42
4
31 14
14 8
8 11
11 28
43
1
0.0339110302
1
43 30
4
43 24
24 2
2 12
12 31
35
1
0.0059461967
2
15 34
35 15
4
35 15
15 2
2 24
24 44
39
1
0.0508892215
4
12 31
0 12
21 0
39 21
4
12 31
0 12
21 0
39 21
36
1
0.0004599794
1
36 33
4
36 18
18 0
0 24
24 43
41
1
0.0426177950
4
12 31
0 12
21 0
41 21
4
12 31
0 12
21 0
41 21
36
1
0.0024214083
2
30 28
36 30
4
36 20
20 6
6 11
11 29
42
1
0.0103151988
4
12 30
0 12
24 0
42 24
4
12 30
0 12
24 0
42 24
37
1
0.0130634273
2
31 43
37 31
2
31 43
37 31
40
1
0.0017041738
2
31 37
40 31
4
40 23
23 7
7 14
14 30
38
1
0.0126237107
4
15 34
0 15
18 0
38 18
4
15 34
0 15
18 0
38 18
36
1
0.0048207941
4
24 42
0 24
18 0
36 18
4
36 20
20 6
6 11
11 29
29
1
0.0170208763
4
24 44
0 24
9 0
29 9
4
24 44
0 24
9 0
29 9
43
1
0.0132832856
4
9 28
0 9
24 0
43 24
4
43 25
25 3
3 19
19 36
44
1
0.0023192185
1
44 42
1
44 42
38
1
0.0006434983
4
21 39
0 21
18 0
38 18
4
21 39
0 21
18 0
38 18
31
1
1.4395053052
4
18 38
0 18
12 0
31 12
4
31 14
14 7
7 23
23 40
37
1
0.0033411165
1
37 44
4
37 20
20 7
7 26
26 42
28
1
0.6659673030
4
18 37
0 18
9 0
28 9
4
18 37
0 18
9 0
28 9
32
1
0.0038520655
1
32 39
4
32 14
14 7
7 23
23 41
27
1
0.0128435690
2
28 34
27 28
4
27 9
9 1
1 24
24 43
30
1
0.0066294769
1
30 40
1
30 40
34
1
76.2658961106
1
34 36
4
34 16
16 3
3 25
25 42
44
1
0.1365628671
4
18 38
0 18
24 0
44 24
4
18 38
0 18
24 0
44 24
28
1
22.9853988121
4
15 34
0 15
9 0
28 9
4
15 34
0 15
9 0
28 9
29
1
0.0002905773
1
29 34
4
29 9
9 0
0 21
21 41
36
1
120.6663105259
4
21 39
0 21
18 0
36 18
4
21 39
0 21
18 0
36 18
36
1
0.0019911408
1
36 31
4
36 20
20 8
8 23
23 41
32
1
0.0148222935
4
21 39
0 21
12 0
32 12
4
21 39
0 21
12 0
32 12
42
1
0.0018913262
2
30 36
42 30
2
30 36
42 30
33
1
0.0004529210
4
18 38
0 18
15 0
33 15
2
33 15
15 34
30
1
5.6697438678
1
30 44
4
30 12
12 0
0 15
15 35
27
1
0.0007846667
1
27 33
4
27 9
9 0
0 24
24 43
31
1
0.6587057226
1
31 39
1
31 39
29
1
0.2484981299
1
29 27
1
29 27
33
1
0.0217215594
1
33 42
2
33 17
17 35
39
1
0.0009555640
1
39 29
4
39 21
21 0
0 12
12 30
39
1
0.0482771921
1
39 43
4
39 21
21 2
2 9
9 27
35
1
4.8456714205
2
29 41
35 29
4
35 16
16 3
3 25
25 42
33
1
0.0413117802
4
24 43
0 24
15 0
33 15
4
33 17
17 6
6 20
20 37
32
1
0.0021965907
4
24 44
0 24
12 0
32 12
4
24 44
0 24
12 0
32 12
29
1
0.0626433540
4
12 30
0 12
9 0
29 9
4
29 10
10 3
3 22
22 41
43
1
4.0215989733
4
21 39
0 21
24 0
43 24
4
43 26
26 7
7 20
20 38
40
1
0.0174605929
4
15 35
0 15
21 0
40 21
4
15 35
0 15
21 0
40 21
44
1
0.0040768830
1
44 42
4
44 25
25 5
5 16
16 33
41
1
0.0004740963
1
41 27
4
41 23
23 6
6 14
14 30
27
1
0.0182300969
4
18 37
0 18
9 0
27 9
4
18 37
0 18
9 0
27 9
36
1
0.0048609871
2
30 40
36 30
2
30 40
36 30
31
1
0.0029323573
1
31 42
4
31 12
12 1
1 9
9 28
42
1
0.4481198919
2
30 36
42 30
2
42 24
24 43
28
1
0.0173506638
1
28 41
1
28 41
33
1
0.0017416043
4
21 41
0 21
15 0
33 15
4
21 41
0 21
15 0
33 15
34
1
0.0014546372
2
28 40
34 28
4
34 17
17 7
7 23
23 39
40
1
0.6151362404
2
29 35
40 29
4
40 23
23 7
7 20
20 37
37
1
55.9685638064
4
12 32
0 12
18 0
37 18
4
12 32
0 12
18 0
37 18
39
1
0.9491689374
2
32 38
39 32
4
39 22
22 5
5 13
13 31
37
1
0.0386997508
4
15 34
0 15
18 0
37 18
4
15 34
0 15
18 0
37 18
37
1
0.0012300542
2
31 30
37 31
2
31 30
37 31
39
1
0.3609809274
1
39 41
1
39 41
28
1
3.6370318312
1
28 44
1
28 44
36
1
0.8111989104
1
36 32
1
36 32
44
1
5.7796201941
1
44 28
2
44 24
24 43
35
1
0.0005376220
4
9 28
0 9
15 0
35 15
4
35 17
17 8
8 26
26 44
41
1
0.0077548795
1
41 31
2
41 22
22 39
41
1
15.3738991981
2
21 39
41 21
2
21 39
41 21
29
1
0.0837632149
1
29 31
4
29 11
11 8
8 17
17 33
30
1
0.0007352578
1
30 36
1
30 36
43
1
0.0077146865
4
18 36
0 18
24 0
43 24
4
43 26
26 8
8 20
20 37
34
1
72.4601463035
1
34 33
4
34 17
17 6
6 20
20 38
34
1
0.0135031439
1
34 44
1
34 44
35
1
2.9777738734
2
29 39
35 29
2
29 39
35 29
39
1
22.9853988121
4
18 38
0 18
21 0
39 21
2
39 23
23 40
30
1
0.0157017267
4
24 42
0 24
12 0
30 12
4
30 13
13 4
4 22
22 40
44
1
0.0008058420
1
44 37
4
44 25
25 4
4 16
16 35
38
1
0.0030549850
4
9 29
0 9
18 0
38 18
4
9 29
0 9
18 0
38 18
37
1
0.0019162799
2
31 40
37 31
2
31 40
37 31
27
1
0.1766906029
1
27 33
4
27 9
9 1
1 12
12 32
28
1
0.6804904637
4
24 44
0 24
9 0
28 9
4
24 44
0 24
9 0
28 9
44
1
2.4833304051
1
44 37
4
44 25
25 3
3 16
16 33
35
1
0.8983378748
4
9 29
0 9
15 0
35 15
4
9 29
0 9
15 0
35 15
32
1
0.0069108275
2
12 30
32 12
4
32 12
12 0
0 15
15 33
36
1
3.1975265260
1
36 35
2
36 18
18 38
34
1
0.0021557148
4
9 29
0 9
15 0
34 15
4
9 29
0 9
15 0
34 15
33
1
0.2041464220
4
24 43
0 24
15 0
33 15
4
24 43
0 24
15 0
33 15
44
1
0.0092159074
1
44 29
1
44 29
27
1
0.0016667433
4
24 43
0 24
9 0
27 9
4
24 43
0 24
9 0
27 9
28
1
0.0065088980
4
21 41
0 21
9 0
28 9
4
28 10
10 4
4 19
19 37
33
1
0.0001776426
2
15 35
33 15
2
15 35
33 15
41
1
0.0004388042
1
41 44
1
41 44
27
1
0.0204155447
4
15 33
0 15
9 0
27 9
4
27 10
10 5
5 19
19 37
30
1
0.0027892916
1
30 33
1
30 33
28
1
0.0020160945
2
9 29
28 9
2
9 29
28 9
36
1
44.5513143853
4
21 39
0 21
18 0
36 18
4
36 19
19 5
5 22
22 40
43
1
0.0039133794
4
18 38
0 18
24 0
43 24
4
43 26
26 6
6 20
20 36
36
1
0.6151362404
1
36 32
4
36 19
19 5
5 22
22 40
44
1
0.0187797426
1
44 41
4
44 25
25 4
4 19
19 38
35
1
0.0004952715
4
18 37
0 18
15 0
35 15
4
35 16
16 3
3 25
25 43
38
1
0.0004105705
4
21 39
0 21
18 0
38 18
4
21 39
0 21
18 0
38 18
28
1
0.0187797426
4
24 44
0 24
9 0
28 9
4
24 44
0 24
9 0
28 9
37
1
0.0110847028
2
31 29
37 31
2
31 29
37 31
28
1
0.0004458626
4
18 36
0 18
9 0
28 9
4
18 36
0 18
9 0
28 9
34
1
0.0188896717
1
34 42
1
34 42
43
1
0.0151520810
4
12 31
0 12
24 0
43 24
4
43 26
26 7
7 11
11 29
42
1
0.0014421603
1
42 28
4
42 26
26 7
7 14
14 30
40
1
0.0456651626
4
18 38
0 18
21 0
40 21
4
18 38
0 18
21 0
40 21
38
1
0.0018164652
2
32 44
38 32
4
38 20
20 7
7 14
14 30
36
1
0.0356523831
1
36 31
1
36 31
35
1
91.4888953387
1
35 34
4
35 16
16 3
3 19
19 38
28
1
0.0225922359
4
12 31
0 12
9 0
28 9
4
12 31
0 12
9 0
28 9
36
1
0.0135031439
1
36 37
4
36 18
18 2
2 9
9 29
43
1
0.0517598980
4
18 36
0 18
24 0
43 24
2
43 26
26 42
34
1
0.0031571748
4
9 29
0 9
15 0
34 15
4
34 16
16 5
5 19
19 38
28
1
0.9128610356
1
28 39
1
28 39
44
1
0.0032184887
4
15 33
0 15
24 0
44 24
4
44 24
24 0
0 12
12 30
40
1
0.0040973210
1
40 28
1
40 28
35
1
0.0019412335
4
21 41
0 21
15 0
35 15
4
21 41
0 21
15 0
35 15
38
1
104.1747280288
4
21 39
0 21
18 0
38 18
4
38 20
20 8
8 26
26 44
38
1
0.0108648445
4
24 42
0 24
18 0
38 18
2
38 19
19 36
27
1
0.7531062674
4
12 30
0 12
9 0
27 9
4
12 30
0 12
9 0
27 9
41
1
0.1766906029
4
15 35
0 15
21 0
41 21
2
41 22
22 40
41
1
0.9927384196
1
41 31
4
41 22
22 3
3 19
19 38
44
1
0.0009430871
4
21 40
0 21
24 0
44 24
4
21 40
0 21
24 0
44 24
28
1
0.0010803323
2
29 35
28 29
2
28 10
10 27
43
1
0.1196669784
1
43 40
1
43 40
29
1
3.2524646891
4
21 41
0 21
9 0
29 9
4
29 10
10 3
3 19
19 36
30
1
83.8773957246
1
30 44
1
30 44
44
1
0.0007846667
1
44 32
2
44 25
25 42
28
1
0.0469711774
4
12 30
0 12
9 0
28 9
4
12 30
0 12
9 0
28 9
36
1
0.0003470447
1
36 33
1
36 33
32
1
0.0159215849
4
15 34
0 15
12 0
32 12
4
32 14
14 7
7 23
23 41
44
1
0.0163613015
4
9 27
0 9
24 0
44 24
4
9 27
0 9
24 0
44 24
30
1
3.3623410155
1
30 29
1
30 29
39
1
0.3827656686
1
39 43
4
39 22
22 3
3 10
10 29
43
1
0.0569839569
1
43 27
1
43 27
28
1
0.0013797762
4
15 34
0 15
9 0
28 9
4
15 34
0 15
9 0
28 9
40
1
47.0884809233
1
40 41
4
40 23
23 7
7 20
20 38
39
1
5.3950530520
4
18 38
0 18
21 0
39 21
2
39 23
23 40
44
1
0.1428988254
4
21 40
0 21
24 0
44 24
4
21 40
0 21
24 0
44 24
31
1
57.2371470754
2
12 30
31 12
2
12 30
31 12
36
1
0.1386748532
4
24 42
0 24
18 0
36 18
4
36 18
18 2
2 24
24 44
28
1
0.0360877214
1
28 42
4
28 11
11 8
8 23
23 40
44
1
2.0438250999
1
44 29
4
44 26
26 8
8 23
23 40
44
1
0.0016168360
1
44 34
4
44 24
24 0
0 15
15 33
28
1
0.0007281994
2
32 38
28 32
4
28 10
10 4
4 16
16 34
44
1
0.0019162799
4
9 27
0 9
24 0
44 24
4
9 27
0 9
24 0
44 24
35
1
0.0029936712
2
29 41
35 29
4
35 17
17 8
8 20
20 38
35
1
0.2548340882
1
35 31
2
35 17
17 34
27
1
0.0002552852
2
31 37
27 31
4
27 10
10 4
4 22
22 41
29
1
128.2778101400
1
29 44
1
29 44
41
1
2.0438250999
4
18 37
0 18
21 0
41 21
4
41 23
23 7
7 26
26 43
37
1
0.3101498649
4
15 33
0 15
18 0
37 18
4
15 33
0 15
18 0
37 18
41
1
0.0079156512
4
12 32
0 12
21 0
41 21
4
41 21
21 0
0 24
24 42
37
1
0.0034433063
4
12 30
0 12
18 0
37 18
4
37 18
18 0
0 21
21 41
42
1
0.1745786168
4
18 36
0 18
24 0
42 24
4
42 25
25 4
4 16
16 35
35
1
0.0001070584
4
18 37
0 18
15 0
35 15
4
35 15
15 0
0 12
12 30
41
1
80.0716459176
4
15 35
0 15
21 0
41 21
4
15 35
0 15
21 0
41 21
34
1
0.0007705499
1
34 44
1
34 44
33
1
0.0023192185
2
15 35
33 15
2
15 35
33 15
37
1
0.0022374666
4
24 43
0 24
18 0
37 18
2
37 19
19 36
43
1
0.0011926237
4
12 30
0 12
24 0
43 24
4
12 30
0 12
24 0
43 24
40
1
28.0597318882
2
28 34
40 28
4
40 23
23 8
8 26
26 43
36
1
0.0020285713
4
12 32
0 12
18 0
36 18
4
36 18
18 2
2 21
21 39
39
1
0.6950136245
2
21 41
39 21
4
39 22
22 5
5 13
13 32
28
1
0.3972888293
2
32 38
28 32
4
28 10
10 4
4 22
22 40
29
1
0.0513245598
4
12 30
0 12
9 0
29 9
4
29 10
10 3
3 13
13 31
28
1
54.6999805374
1
28 34
4
28 11
11 7
7 17
17 33
36
1
0.0040360071
4
15 35
0 15
18 0
36 18
4
15 35
0 15
18 0
36 18
38
1
0.0019537104
4
24 44
0 24
18 0
38 18
4
38 18
18 2
2 12
12 30
44
1
0.0042982858
1
44 39
4
44 25
25 4
4 19
19 37
36
1
0.0029732332
1
36 37
2
36 19
19 38
33
1
0.0098754822
1
33 32
1
33 32
44
1
0.0020535250
1
44 28
1
44 28
37
1
5.2851767257
4
9 28
0 9
18 0
37 18
4
9 28
0 9
18 0
37 18
28
1
0.0031776128
1
28 42
4
28 9
9 2
2 24
24 43
43
1
0.0065088980
1
43 30
4
43 25
25 5
5 19
19 38
31
1
0.0073529499
4
15 33
0 15
12 0
31 12
4
31 14
14 8
8 23
23 41
32
1
0.0022579046
4
24 43
0 24
12 0
32 12
4
24 43
0 24
12 0
32 12
37
1
82.6088124556
2
18 36
37 18
2
18 36
37 18
35
1
0.0011926237
1
35 30
1
35 30
40
1
0.0013797762
2
31 37
40 31
4
40 23
23 7
7 20
20 38
41
1
0.9128610356
1
41 44
2
41 23
23 40
34
1
0.0204155447
4
12 32
0 12
15 0
34 15
4
34 17
17 7
7 14
14 31
38
1
0.8910762945
2
32 40
38 32
2
32 40
38 32
34
1
0.0059060037
1
34 42
1
34 42
40
1
0.2041464220
4
18 37
0 18
21 0
40 21
4
18 37
0 18
21 0
40 21
27
1
48.3570641923
2
31 37
27 31
2
31 37
27 31
31
1
67.3858132275
4
24 42
0 24
12 0
31 12
4
24 42
0 24
12 0
31 12
33
1
0.0001988179
1
33 34
1
33 34
43
1
0.0595959863
1
43 34
1
43 34
40
1
0.1597947141
4
24 44
0 24
21 0
40 21
4
40 21
21 1
1 15
15 35
42
1
73.7287295725
4
12 31
0 12
24 0
42 24
4
42 24
24 0
0 15
15 34
27
1
0.3755040882
1
27 30
1
27 30
42
1
0.0027892916
2
24 43
42 24
4
42 24
24 1
1 12
12 30
35
1
0.3900272489
4
9 28
0 9
15 0
35 15
4
9 28
0 9
15 0
35 15
39
1
6.0543110098
1
39 40
4
39 22
22 4
4 16
16 34
39
1
0.2548340882
1
39 40
1
39 40
30
1
0.2252662829
4
18 38
0 18
12 0
30 12
4
30 12
12 2
2 21
21 39
40
1
0.0004670378
4
12 31
0 12
21 0
40 21
4
40 21
21 1
1 15
15 34
28
1
0.1238909506
1
28 31
4
28 10
10 4
4 25
25 43
39
1
0.0012175774
1
39 40
1
39 40
34
1
0.0009306103
2
28 27
34 28
2
28 27
34 28
30
1
6.3839399887
4
9 29
0 9
12 0
30 12
4
9 29
0 9
12 0
30 12
40
1
0.0009805176
4
18 36
0 18
21 0
40 21
4
18 36
0 18
21 0
40 21
40
1
5.9444346835
1
40 29
4
40 22
22 5
5 13
13 31
43
1
0.0360877214
4
12 30
0 12
24 0
43 24
4
43 24
24 0
0 9
9 28
34
1
0.0879871871
1
34 38
4
34 15
15 1
1 12
12 30
27
1
0.0045394434
4
18 37
0 18
9 0
27 9
4
18 37
0 18
9 0
27 9
38
1
0.0047404082
2
32 43
38 32
2
32 43
38 32
41
1
0.0110847028
4
24 43
0 24
21 0
41 21
4
41 21
21 0
0 18
18 36
30
1
0.7240599459
4
21 39
0 21
12 0
30 12
4
21 39
0 21
12 0
30 12
33
1
57.2371470754
4
12 32
0 12
15 0
33 15
4
33 16
16 3
3 25
25 43
41
1
0.2168183386
1
41 44
1
41 44
39
1
0.4771662134
4
15 33
0 15
21 0
39 21
4
39 23
23 8
8 11
11 29
30
1
0.0774272566
4
18 37
0 18
12 0
30 12
4
30 13
13 4
4 16
16 34
33
1
0.0036068100
4
9 27
0 9
15 0
33 15
4
9 27
0 9
15 0
33 15
34
1
45.8198976543
4
24 42
0 24
15 0
34 15
4
24 42
0 24
15 0
34 15
29
1
34.4026482332
2
9 28
29 9
2
29 9
9 27
33
1
0.0163613015
1
33 30
1
33 30
42
1
0.0067098628
4
15 35
0 15
24 0
42 24
4
15 35
0 15
24 0
42 24
33
1
0.1893625194
4
18 37
0 18
15 0
33 15
4
18 37
0 18
15 0
33 15
28
1
110.5176443738
4
21 39
0 21
9 0
28 9
4
21 39
0 21
9 0
28 9
34
1
0.4699046330
1
34 31
4
34 16
16 3
3 10
10 28
27
1
0.0004740963
4
21 39
0 21
9 0
27 9
4
21 39
0 21
9 0
27 9
32
1
0.0004458626
4
15 34
0 15
12 0
32 12
4
32 12
12 2
2 15
15 35
44
1
0.0066696698
1
44 32
4
44 25
25 4
4 19
19 37
29
1
0.1323388950
4
15 34
0 15
9 0
29 9
4
29 9
9 0
0 18
18 38
27
1
0.0071921781
1
27 31
4
27 9
9 1
1 12
12 30
34
1
0.0061471615
4
12 31
0 12
15 0
34 15
4
12 31
0 12
15 0
34 15
32
1
1.2197526526
1
32 34
1
32 34
31
1
0.0154818684
2
32 38
31 32
4
31 12
12 1
1 21
21 39
29
1
0.4263351508
1
29 33
1
29 33
40
1
0.1006591036
1
40 42
4
40 22
22 3
3 16
16 33
33
1
0.0647553401
4
24 43
0 24
15 0
33 15
4
33 17
17 6
6 11
11 29
30
1
0.0010304249
1
30 44
1
30 44
34
1
0.0143825770
4
21 40
0 21
15 0
34 15
4
21 40
0 21
15 0
34 15
31
1
0.0413117802
4
24 44
0 24
12 0
31 12
4
24 44
0 24
12 0
31 12
34
1
0.0026666638
1
34 28
4
34 16
16 5
5 13
13 31
42
1
0.0002835189
1
42 31
1
42 31
36
1
69.9229797655
4
24 43
0 24
18 0
36 18
4
24 43
0 24
18 0
36 18
35
1
0.0059461967
4
18 38
0 18
15 0
35 15
4
18 38
0 18
15 0
35 15
39
1
0.0157017267
2
29 35
39 29
2
29 35
39 29
37
1
0.1788025890
4
15 35
0 15
18 0
37 18
4
37 18
18 0
0 24
24 43
28
1
74.9973128415
4
15 33
0 15
9 0
28 9
4
15 33
0 15
9 0
28 9
29
1
0.0105350571
4
12 31
0 12
9 0
29 9
4
12 31
0 12
9 0
29 9
41
1
0.0482771921
4
9 28
0 9
21 0
41 21
4
41 23
23 8
8 26
26 43
42
1
0.0017540811
2
24 44
42 24
2
24 44
42 24
31
1
0.1682426585
1
31 40
1
31 40
35
1
0.2041464220
2
15 33
35 15
2
15 33
35 15
27
1
0.0922111593
1
27 32
4
27 11
11 8
8 17
17 33
30
1
1.1648144894
4
18 36
0 18
12 0
30 12
4
18 36
0 18
12 0
30 12
35
1
0.8910762945
4
21 39
0 21
15 0
35 15
4
21 39
0 21
15 0
35 15
40
1
91.4888953387
2
21 39
40 21
2
40 22
22 41
30
1
1.3296289789
4
9 29
0 9
12 0
30 12
4
9 29
0 9
12 0
30 12
35
1
0.0530659127
4
24 43
0 24
15 0
35 15
4
24 43
0 24
15 0
35 15
34
1
0.0137230021
1
34 44
1
34 44
27
1
2.2635777524
4
18 37
0 18
9 0
27 9
4
27 11
11 7
7 26
26 43
30
1
0.2442741577
4
15 35
0 15
12 0
30 12
4
30 14
14 6
6 26
26 43
36
1
0.0048609871
2
18 37
36 18
4
36 18
18 0
0 24
24 42
44
1
0.0413117802
1
44 34
1
44 34
27
1
0.0561132804
1
27 30
1
27 30
40
1
83.8773957246
1
40 43
1
40 43
38
1
119.3977272569
4
12 32
0 12
18 0
38 18
4
12 32
0 12
18 0
38 18
30
1
0.0016043591
4
15 33
0 15
12 0
30 12
4
30 12
12 1
1 15
15 34
33
1
0.0103151988
4
12 32
0 12
15 0
33 15
4
33 15
15 0
0 18
18 38
42
1
129.5463934090
1
42 27
4
42 26
26 6
6 20
20 38
29
1
0.3609809274
1
29 34
4
29 9
9 2
2 15
15 33
43
1
0.0015794055
4
9 27
0 9
24 0
43 24
4
9 27
0 9
24 0
43 24
28
1
0.8838147141
1
28 27
1
28 27
42
1
0.0017540811
4
18 38
0 18
24 0
42 24
4
42 24
24 2
2 12
12 31
42
1
0.8765531337
2
32 38
42 32
2
32 38
42 32
32
1
0.0023600944
4
21 40
0 21
12 0
32 12
4
32 14
14 8
8 17
17 35
31
1
0.0119641359
4
24 44
0 24
12 0
31 12
2
31 13
13 30
33
1
2.6481448945
2
27 39
33 27
2
27 39
33 27
31
1
0.0034433063
4
21 41
0 21
12 0
31 12
4
31 14
14 8
8 17
17 33
36
1
0.0900991732
1
36 32
4
36 18
18 0
0 9
9 29
33
1
0.0019537104
1
33 34
4
33 15
15 1
1 24
24 44
37
1
0.0011801469
4
24 43
0 24
18 0
37 18
4
24 43
0 24
18 0
37 18
40
1
0.7313215263
1
40 42
4
40 23
23 6
6 14
14 31
37
1
0.0500185450
2
18 36
37 18
4
37 20
20 7
7 26
26 42
27
1
0.1724666307
4
24 43
0 24
9 0
27 9
4
27 11
11 6
6 23
23 40
27
1
119.3977272569
1
27 30
1
27 30
35
1
0.0067902487
4
21 40
0 21
15 0
35 15
4
21 40
0 21
15 0
35 15
32
1
0.0008682261
1
32 33
1
32 33
41
1
101.6375614907
2
21 39
41 21
2
21 39
41 21
29
1
0.0004740963
4
18 37
0 18
9 0
29 9
4
18 37
0 18
9 0
29 9
37
1
3.8018463207
2
31 27
37 31
2
31 27
37 31
38
1
2.8678975471
2
18 37
38 18
4
38 19
19 4
4 16
16 34
41
1
0.0036068100
1
41 42
1
41 42
29
1
0.0120740650
4
12 32
0 12
9 0
29 9
4
29 10
10 5
5 19
19 38
38
1
0.0124038525
4
12 31
0 12
18 0
38 18
4
38 19
19 3
3 22
22 41
36
1
0.0004246873
1
36 33
1
36 33
28
1
1.6592579578
4
15 33
0 15
9 0
28 9
4
15 33
0 15
9 0
28 9
44
1
2.9777738734
4
21 41
0 21
24 0
44 24
4
21 41
0 21
24 0
44 24
31
1
0.0007211410
1
31 35
4
31 12
12 0
0 24
24 44
33
1
0.0001847010
4
9 29
0 9
15 0
33 15
4
33 16
16 3
3 10
10 27
39
1
2.3185159156
1
39 41
4
39 21
21 0
0 9
9 28
43
1
0.1428988254
1
43 31
1
43 31
41
1
0.0161414432
4
24 42
0 24
21 0
41 21
4
41 21
21 1
1 15
15 35
42
1
92.7574786077
1
42 35
4
42 25
25 3
3 16
16 34
34
1
0.0008058420
4
9 28
0 9
15 0
34 15
4
34 15
15 0
0 24
24 43
41
1
0.0013672994
4
18 38
0 18
21 0
41 21
4
18 38
0 18
21 0
41 21
34
1
0.0053834954
1
34 43
1
34 43
34
1
0.0508892215
2
28 27
34 28
2
28 27
34 28
28
1
0.0149322227
4
18 37
0 18
9 0
28 9
4
18 37
0 18
9 0
28 9
30
1
0.2400501856
4
15 34
0 15
12 0
30 12
4
15 34
0 15
12 0
30 12
37
1
0.0026666638
4
24 44
0 24
18 0
37 18
4
24 44
0 24
18 0
37 18
35
1
0.0003541031
4
18 36
0 18
15 0
35 15
4
35 16
16 5
5 25
25 42
34
1
0.0243335889
4
12 32
0 12
15 0
34 15
4
12 32
0 12
15 0
34 15
35
1
0.6950136245
1
35 43
4
35 16
16 4
4 13
13 31
33
1
0.1956984777
4
21 40
0 21
15 0
33 15
4
21 40
0 21
15 0
33 15
37
1
6.4388781519
4
9 28
0 9
18 0
37 18
4
37 18
18 1
1 9
9 27
41
1
1.6043197946
4
18 36
0 18
21 0
41 21
4
41 22
22 5
5 25
25 42
33
1
7.7623995840
1
33 44
1
33 44
38
1
0.0117442776
2
32 39
38 32
4
38 19
19 3
3 10
10 28
27
1
5.1753003994
1
27 41
4
27 9
9 2
2 18
18 37
31
1
0.0060265826
4
24 43
0 24
12 0
31 12
4
31 13
13 3
3 16
16 35
44
1
0.1640186863
4
21 40
0 21
24 0
44 24
4
44 25
25 3
3 10
10 27
31
1
0.0016916969
4
24 44
0 24
12 0
31 12
4
31 14
14 6
6 20
20 37
42
1
3.1975265260
4
18 37
0 18
24 0
42 24
4
42 26
26 6
6 14
14 31
38
1
0.0543719274
2
32 39
38 32
2
32 39
38 32
40
1
0.0339110302
1
40 41
1
40 41
36
1
0.0048609871
1
36 32
4
36 18
18 2
2 15
15 34
31
1
0.0018538957
4
18 37
0 18
12 0
31 12
4
18 37
0 18
12 0
31 12
33
1
0.0061471615
1
33 37
1
33 37
29
1
0.0160315141
4
15 35
0 15
9 0
29 9
4
15 35
0 15
9 0
29 9
28
1
0.0008807030
1
28 41
1
28 41
32
1
0.0028506054
1
32 36
4
32 13
13 3
3 19
19 38
38
1
0.0083364743
4
9 28
0 9
18 0
38 18
4
9 28
0 9
18 0
38 18
39
1
0.0002411684
1
39 30
4
39 23
23 8
8 14
14 31
34
1
0.0023396564
4
9 29
0 9
15 0
34 15
4
34 16
16 3
3 22
22 41
41
1
0.0005940894
4
15 35
0 15
21 0
41 21
4
41 21
21 2
2 9
9 28
32
1
0.0159215849
1
32 40
4
32 14
14 8
8 11
11 29
41
1
0.0033411165
4
15 34
0 15
21 0
41 21
4
41 21
21 2
2 12
12 31
40
1
0.0153719392
2
29 35
40 29
4
40 23
23 8
8 26
26 42
40
1
0.5134741152
2
32 38
40 32
2
40 23
23 41
37
1
2.3734540788
2
31 42
37 31
4
37 20
20 6
6 11
11 27
35
1
0.0100953405
2
29 27
35 29
2
35 17
17 33
30
1
0.0408764420
1
30 44
1
30 44
37
1
0.2569460743
1
37 34
4
37 20
20 8
8 11
11 29
43
1
0.0028097295
1
43 29
4
43 25
25 3
3 10
10 28
34
1
0.0001282337
4
12 30
0 12
15 0
34 15
4
34 15
15 0
0 24
24 43
42
1
34.4026482332
4
12 31
0 12
24 0
42 24
4
12 31
0 12
24 0
42 24
30
1
0.4844277937
4
24 44
0 24
12 0
30 12
4
24 44
0 24
12 0
30 12
41
1
0.0027279777
1
41 27
4
41 22
22 5
5 19
19 37
30
1
5.5049293783
4
24 43
0 24
12 0
30 12
4
30 13
13 3
3 10
10 28
43
1
1.4944434684
1
43 32
1
43 32
29
1
1.0549381632
1
29 40
1
29 40
36
1
0.3391961863
4
24 43
0 24
18 0
36 18
4
24 43
0 24
18 0
36 18
33
1
0.0010054713
4
9 28
0 9
15 0
33 15
4
33 16
16 4
4 13
13 31
36
1
0.0023192185
4
24 42
0 24
18 0
36 18
4
36 19
19 4
4 16
16 35
44
1
0.0186698134
1
44 39
4
44 24
24 2
2 18
18 37
39
1
0.4916893741
1
39 29
2
39 23
23 40
40
1
0.0005164468
2
32 38
40 32
2
32 38
40 32
38
1
71.1915630345
2
32 44
38 32
4
38 19
19 5
5 16
16 34
41
1
0.0038929414
4
18 38
0 18
21 0
41 21
4
18 38
0 18
21 0
41 21
27
1
0.0026257879
4
18 37
0 18
9 0
27 9
4
18 37
0 18
9 0
27 9
36
1
0.4118119900
4
21 40
0 21
18 0
36 18
4
36 19
19 5
5 13
13 32
36
1
0.0837632149
4
12 32
0 12
18 0
36 18
4
36 20
20 6
6 26
26 43
37
1
0.1914745055
1
37 32
1
37 32
39
1
0.0005235052
2
28 34
39 28
4
39 23
23 8
8 11
11 27
39
1
5.0104859099
1
39 41
1
39 41
41
1
0.1851385472
2
31 37
41 31
4
41 21
21 0
0 15
15 33
30
1
0.0710912984
1
30 36
1
30 36
28
1
0.0395704273
1
28 32
1
28 32
42
1
0.0002905773
2
30 36
42 30
4
42 26
26 7
7 17
17 34
41
1
0.0595959863
4
18 38
0 18
21 0
41 21
4
18 38
0 18
21 0
41 21
29
1
0.0003752784
1
29 28
4
29 10
10 5
5 19
19 37
29
1
85.1459789936
1
29 43
1
29 43
32
1
0.3827656686
1
32 36
1
32 36
35
1
40.7455645783
2
15 33
35 15
4
35 16
16 4
4 25
25 42
30
1
0.0036681238
4
15 34
0 15
12 0
30 12
4
30 14
14 8
8 11
11 29
27
1
0.2062584081
4
24 42
0 24
9 0
27 9
4
27 10
10 4
4 25
25 44
34
1
0.0013922530
4
18 38
0 18
15 0
34 15
4
34 17
17 7
7 14
14 31
42
1
0.6441825619
1
42 40
1
42 40
36
1
0.0082265451
4
12 31
0 12
18 0
36 18
4
36 18
18 1
1 12
12 30
38
1
0.0495832068
2
32 29
38 32
4
38 19
19 5
5 10
10 28
43
1
0.0012175774
1
43 29
1
43 29
31
1
0.0343463684
4
21 40
0 21
12 0
31 12
4
31 14
14 8
8 26
26 43
33
1
0.0732032845
4
12 31
0 12
15 0
33 15
4
33 17
17 6
6 26
26 43
38
1
0.2675060047
1
38 35
4
38 19
19 3
3 16
16 33
37
1
0.0022579046
1
37 36
4
37 20
20 7
7 14
14 30
42
1
0.0004388042
4
18 38
0 18
24 0
42 24
4
18 38
0 18
24 0
42 24
43
1
0.0012300542
4
15 34
0 15
24 0
43 24
4
15 34
0 15
24 0
43 24
40
1
0.0052629165
1
40 27
4
40 23
23 7
7 14
14 30
43
1
0.7531062674
1
43 27
1
43 27
28
1
0.1830265611
4
12 31
0 12
9 0
28 9
4
12 31
0 12
9 0
28 9
28
1
67.3858132275
2
9 29
28 9
2
9 29
28 9
27
1
0.0013797762
1
27 31
2
27 9
9 29
28
1
0.0017416043
1
28 32
1
28 32
44
1
0.0026666638
1
44 34
1
44 34
27
1
100.3689782217
4
18 36
0 18
9 0
27 9
4
18 36
0 18
9 0
27 9
38
1
0.4481198919
4
9 29
0 9
18 0
38 18
4
9 29
0 9
18 0
38 18
38
1
0.2189303247
2
18 36
38 18
2
18 36
38 18
41
1
0.0049413729
4
15 35
0 15
21 0
41 21
4
41 22
22 5
5 10
10 27
35
1
4.7357950942
1
35 33
1
35 33
27
1
92.7574786077
1
27 32
4
27 11
11 6
6 20
20 37
30
1
0.0028301675
1
30 44
2
30 14
14 31
34
1
0.0065088980
1
34 42
1
34 42
42
1
0.2590580604
1
42 32
4
42 25
25 4
4 16
16 34
32
1
47.0884809233
1
32 31
4
32 14
14 7
7 20
20 36
42
1
0.0004246873
4
18 37
0 18
24 0
42 24
4
42 26
26 7
7 14
14 32
39
1
0.0012924384
1
39 28
4
39 22
22 5
5 19
19 36
44
1
0.8547683926
4
21 39
0 21
24 0
44 24
2
44 24
24 42
34
1
0.0234629124
2
28 27
34 28
2
28 27
34 28
36
1
0.0613373393
4
15 33
0 15
18 0
36 18
4
36 20
20 8
8 26
26 43
42
1
0.8329836515
4
12 30
0 12
24 0
42 24
4
12 30
0 12
24 0
42 24
40
1
48.3570641923
4
18 36
0 18
21 0
40 21
4
40 23
23 8
8 11
11 27
27
1
0.0006929073
2
9 28
27 9
4
27 11
11 8
8 14
14 32
29
1
0.0001282337
4
21 40
0 21
9 0
29 9
4
29 10
10 4
4 25
25 43
42
1
0.0007987836
4
18 37
0 18
24 0
42 24
4
42 24
24 2
2 18
18 36
39
1
0.0005376220
1
39 28
1
39 28
37
1
0.0095456948
4
9 29
0 9
18 0
37 18
4
9 29
0 9
18 0
37 18
40
1
0.0070314063
4
12 31
0 12
21 0
40 21
4
40 22
22 5
5 13
13 32
40
1
107.9804778358
1
40 29
1
40 29
30
1
0.0007070241
1
30 28
1
30 28
30
1
43.2827311163
1
30 39
4
30 13
13 3
3 10
10 29
36
1
0.0006858489
4
21 40
0 21
18 0
36 18
4
36 18
18 0
0 12
12 30
33
1
0.0002623437
1
33 41
1
33 41
34
1
0.0177903803
1
34 43
4
34 16
16 4
4 22
22 41
41
1
0.8111989104
1
41 33
4
41 21
21 1
1 12
12 30
27
1
4.7907332574
1
27 42
1
27 42
35
1
0.0014172067
1
35 36
4
35 15
15 1
1 12
12 30
41
1
0.1788025890
2
21 40
41 21
4
41 22
22 5
5 13
13 31
32
1
74.9973128415
1
32 41
1
32 41
41
1
0.0054638813
1
41 31
1
41 31
40
1
0.0103151988
2
30 36
40 30
2
30 36
40 30
44
1
0.0013423457
1
44 37
2
44 24
24 42
27
1
0.0500185450
4
21 40
0 21
9 0
27 9
4
27 11
11 8
8 17
17 33
36
1
0.0010928091
4
12 32
0 12
18 0
36 18
4
12 32
0 12
18 0
36 18
44
1
0.1006591036
2
32 38
44 32
4
44 24
24 1
1 21
21 40
41
1
0.0282516330
2
21 39
41 21
4
41 22
22 4
4 10
10 28
31
1
0.0065088980
4
21 41
0 21
12 0
31 12
4
31 12
12 2
2 21
21 40
29
1
0.0003258694
4
24 44
0 24
9 0
29 9
4
24 44
0 24
9 0
29 9
42
1
0.0002694021
1
42 27
1
42 27
43
1
0.0943231453
1
43 40
4
43 24
24 0
0 18
18 36
34
1
0.0985471175
4
12 32
0 12
15 0
34 15
4
34 16
16 5
5 25
25 42
27
1
0.0002905773
2
29 35
27 29
2
29 35
27 29
31
1
3.6370318312
1
31 41
4
31 14
14 7
7 20
20 38
36
1
2.3734540788
1
36 30
1
36 30
44
1
0.0032184887
1
44 30
2
44 25
25 42
40
1
0.0017540811
1
40 28
1
40 28
43
1
3.6370318312
4
15 34
0 15
24 0
43 24
4
15 34
0 15
24 0
43 24
33
1
0.0036476859
4
9 28
0 9
15 0
33 15
4
9 28
0 9
15 0
33 15
37
1
0.0108648445
2
31 41
37 31
4
37 20
20 8
8 17
17 34
41
1
0.0016293128
1
41 44
1
41 44
42
1
0.0033206785
1
42 29
1
42 29
33
1
0.6587057226
1
33 28
4
33 17
17 6
6 26
26 42
30
1
0.0080764230
1
30 39
4
30 14
14 7
7 11
11 28
38
1
0.0013423457
2
32 41
38 32
2
32 41
38 32
44
1
0.0037703136
1
44 27
1
44 27
33
1
1.4944434684
4
12 31
0 12
15 0
33 15
4
12 31
0 12
15 0
33 15
43
1
28.0597318882
4
21 40
0 21
24 0
43 24
4
21 40
0 21
24 0
43 24
31
1
0.0017166506
1
31 42
4
31 12
12 1
1 21
21 40
41
1
0.0036681238
1
41 39
1
41 39
41
1
0.5134741152
4
18 38
0 18
21 0
41 21
4
41 23
23 8
8 20
20 36
34
1
6.3290018255
1
34 30
1
34 30
28
1
0.0008058420
4
21 41
0 21
9 0
28 9
4
21 41
0 21
9 0
28 9
44
1
0.0014671140
1
44 29
1
44 29
28
1
0.1091070480
1
28 34
2
28 11
11 27
37
1
2.0987632630
1
37 35
1
37 35
27
1
0.0063079332
4
12 31
0 12
9 0
27 9
4
27 10
10 4
4 25
25 44
32
1
0.4626430526
4
15 33
0 15
12 0
32 12
4
15 33
0 15
12 0
32 12
28
1
0.0069108275
4
15 34
0 15
9 0
28 9
4
28 10
10 4
4 13
13 32
38
1
0.0057050390
1
38 32
4
38 18
18 0
0 21
21 41
33
1
0.1407868393
1
33 31
1
33 31
38
1
81.3402291866
3
42 40
34 42
38 34
3
42 40
34 42
38 34
30
1
0.0487125303
1
30 40
1
30 40
37
1
0.0181201677
2
31 29
37 31
2
31 29
37 31
44
1
0.3391961863
1
44 39
4
44 26
26 7
7 20
20 36
28
1
4.4611042784
4
12 31
0 12
9 0
28 9
4
12 31
0 12
9 0
28 9
41
1
0.0006152647
4
18 38
0 18
21 0
41 21
4
18 38
0 18
21 0
41 21
34
1
1.8790106104
2
15 33
34 15
2
34 16
16 35
43
1
47.0884809233
1
43 40
1
43 40
39
1
0.0002905773
1
39 43
1
39 43
37
1
0.0016168360
4
24 43
0 24
18 0
37 18
2
37 19
19 38
34
1
0.0035454961
1
34 32
4
34 16
16 4
4 22
22 39
35
1
0.0033615544
1
35 32
1
35 32
27
1
0.0020535250
2
32 38
27 32
2
32 38
27 32
42
1
1.8790106104
1
42 35
1
42 35
28
1
0.2210423108
4
15 33
0 15
9 0
28 9
4
15 33
0 15
9 0
28 9
34
1
0.0020739630
2
28 27
34 28
2
28 27
34 28
28
1
0.0165811598
1
28 32
4
28 9
9 2
2 18
18 36
39
1
80.0716459176
4
9 27
0 9
21 0
39 21
4
9 27
0 9
21 0
39 21
44
1
2.2635777524
4
12 30
0 12
24 0
44 24
4
44 25
25 5
5 16
16 33
37
1
0.0352170449
4
24 42
0 24
18 0
37 18
4
37 20
20 7
7 26
26 43
31
1
0.0024418462
4
9 28
0 9
12 0
31 12
4
31 13
13 3
3 25
25 43
34
1
0.0088861200
4
18 36
0 18
15 0
34 15
4
34 16
16 5
5 22
22 40
40
1
0.0031162989
4
9 27
0 9
21 0
40 21
4
40 23
23 6
6 20
20 37
35
1
0.8983378748
2
29 40
35 29
2
29 40
35 29
41
1
0.0003188110
4
18 36
0 18
21 0
41 21
4
41 23
23 6
6 26
26 44
36
1
0.0151520810
2
18 37
36 18
4
36 19
19 5
5 16
16 35
28
1
0.0012924384
4
24 43
0 24
9 0
28 9
4
28 10
10 3
3 19
19 37
32
1
0.1492347837
1
32 29
4
32 12
12 0
0 21
21 41
35
1
0.2041464220
1
35 42
1
35 42
39
1
0.0055844601
2
32 38
39 32
4
39 21
21 1
1 12
12 30
40
1
0.5860899189
1
40 41
1
40 41
33
1
0.0071117923
1
33 38
1
33 38
44
1
0.0689793123
1
44 32
2
44 26
26 42
34
1
0.0002905773
1
34 42
1
34 42
33
1
2.2086395893
2
15 35
33 15
2
15 35
33 15
41
1
0.0015170213
4
9 29
0 9
21 0
41 21
4
9 29
0 9
21 0
41 21
28
1
0.0574192951
2
29 35
28 29
2
29 35
28 29
41
1
0.0582899716
1
41 30
2
41 21
21 40
34
1
0.0023805324
2
15 35
34 15
2
15 35
34 15
30
1
0.1281149228
2
32 38
30 32
2
32 38
30 32
34
1
0.0565486186
1
34 43
1
34 43
33
1
0.0131733564
4
18 38
0 18
15 0
33 15
4
33 15
15 2
2 21
21 39
38
1
1.6592579578
1
38 32
1
38 32
32
1
0.0092159074
2
12 31
32 12
2
12 31
32 12
39
1
0.0164712306
4
18 38
0 18
21 0
39 21
4
18 38
0 18
21 0
39 21
32
1
0.1027710897
1
32 36
1
32 36
32
1
0.2675060047
4
15 34
0 15
12 0
32 12
4
15 34
0 15
12 0
32 12
33
1
0.0513245598
2
15 35
33 15
4
33 16
16 4
4 10
10 28
28
1
0.2168183386
4
12 31
0 12
9 0
28 9
2
28 9
9 29
43
1
0.0086662617
1
43 42
1
43 42
40
1
0.0093258365
1
40 42
1
40 42
40
1
0.0157017267
1
40 32
1
40 32
37
1
0.0020944009
1
37 36
4
37 18
18 1
1 12
12 30
43
1
0.0140527896
2
24 42
43 24
4
43 24
24 1
1 9
9 29
40
1
71.1915630345
4
18 36
0 18
21 0
40 21
4
18 36
0 18
21 0
40 21
36
1
0.0365230596
4
15 34
0 15
18 0
36 18
4
15 34
0 15
18 0
36 18
29
1
0.0002976358
1
29 30
1
29 30
37
1
0.0029732332
1
37 34
1
37 34
31
1
0.0127336399
4
15 35
0 15
12 0
31 12
4
15 35
0 15
12 0
31 12
29
1
0.0110847028
4
18 36
0 18
9 0
29 9
4
18 36
0 18
9 0
29 9
42
1
0.0024827222
4
9 29
0 9
24 0
42 24
4
42 26
26 7
7 20
20 37
30
1
0.0003682200
4
21 39
0 21
12 0
30 12
4
21 39
0 21
12 0
30 12
33
1
0.6877520441
1
33 38
1
33 38
32
1
0.0064687051
1
32 40
1
32 40
37
1
5.2302385626
2
31 30
37 31
2
31 30
37 31
42
1
0.0004670378
1
42 41
1
42 41
33
1
0.0002976358
4
24 42
0 24
15 0
33 15
4
24 42
0 24
15 0
33 15
37
1
0.0098754822
4
9 29
0 9
18 0
37 18
4
37 18
18 2
2 12
12 30
41
1
0.0080764230
1
41 27
1
41 27
42
1
2.8129593840
4
12 31
0 12
24 0
42 24
4
42 24
24 1
1 12
12 32
30
1
0.4045504097
4
15 33
0 15
12 0
30 12
4
30 13
13 4
4 22
22 41
29
1
6.4938163150
4
24 43
0 24
9 0
29 9
4
24 43
0 24
9 0
29 9
43
1
0.7240599459
4
18 38
0 18
24 0
43 24
4
18 38
0 18
24 0
43 24
41
1
0.0003188110
4
24 42
0 24
21 0
41 21
4
24 42
0 24
21 0
41 21
31
1
0.0012300542
4
18 36
0 18
12 0
31 12
4
31 13
13 5
5 19
19 38
30
1
0.0067902487
2
12 32
30 12
2
12 32
30 12
36
1
0.0900991732
1
36 30
1
36 30
40
1
0.0091059783
2
28 34
40 28
4
40 21
21 0
0 9
9 27
38
1
0.0026257879
2
32 39
38 32
4
38 19
19 4
4 10
10 27
36
1
0.0080362301
2
18 38
36 18
4
36 20
20 8
8 23
23 40
31
1
0.1555707420
1
31 30
4
31 12
12 1
1 24
24 43
28
1
128.2778101400
4
18 38
0 18
9 0
28 9
4
28 9
9 0
0 24
24 43
44
1
0.0163613015
1
44 40
1
44 40
39
1
0.0417471185
4
15 33
0 15
21 0
39 21
4
39 21
21 2
2 18
18 36
37
1
0.0050217589
4
24 44
0 24
18 0
37 18
4
24 44
0 24
18 0
37 18
29
1
3.6370318312
1
29 42
1
29 42
34
1
0.5860899189
4
12 32
0 12
15 0
34 15
4
34 17
17 7
7 20
20 37
29
1
0.1386748532
1
29 43
1
29 43
42
1
0.4771662134
2
30 36
42 30
2
30 36
42 30
43
1
0.9927384196
4
12 30
0 12
24 0
43 24
4
43 25
25 5
5 16
16 34
37
1
0.0075539147
4
24 44
0 24
18 0
37 18
4
24 44
0 24
18 0
37 18
30
1
0.1555707420
2
32 38
30 32
4
30 12
12 1
1 15
15 33
39
1
0.2083703942
1
39 41
4
39 21
21 0
0 9
9 29
37
1
0.0014421603
1
37 34
4
37 20
20 6
6 23
23 40
42
1
0.0107549154
4
21 39
0 21
24 0
42 24
4
21 39
0 21
24 0
42 24
28
1
4.6259187679
4
15 34
0 15
9 0
28 9
4
15 34
0 15
9 0
28 9
38
1
4.9006095837
4
12 32
0 12
18 0
38 18
4
38 20
20 6
6 26
26 42
35
1
0.0002199931
1
35 38
1
35 38
44
1
0.7167983656
4
15 35
0 15
24 0
44 24
4
44 24
24 0
0 9
9 28
40
1
0.0129534982
1
40 28
4
40 23
23 6
6 26
26 44
39
1
0.6877520441
2
30 36
39 30
4
39 21
21 1
1 24
24 42
34
1
5.1753003994
1
34 43
1
34 43
28
1
0.0074735288
4
18 36
0 18
9 0
28 9
4
18 36
0 18
9 0
28 9
39
1
0.0103151988
4
12 30
0 12
21 0
39 21
4
12 30
0 12
21 0
39 21
42
1
0.0032184887
1
42 29
1
42 29
36
1
0.7095367852
4
24 44
0 24
18 0
36 18
2
36 19
19 37
42
1
0.0042580928
1
42 33
1
42 33
32
1
0.0049413729
4
21 41
0 21
12 0
32 12
4
32 14
14 6
6 23
23 39
30
1
0.0022170287
1
30 27
1
30 27
36
1
0.0922111593
4
21 41
0 21
18 0
36 18
4
21 41
0 21
18 0
36 18
43
1
0.0189996009
2
32 38
43 32
2
32 38
43 32
35
1
1.8790106104
1
35 42
1
35 42
40
1
4.2413516258
1
40 39
4
40 23
23 8
8 17
17 35
34
1
0.0312990007
1
34 32
1
34 32
37
1
0.1978104638
4
21 39
0 21
18 0
37 18
4
37 18
18 0
0 21
21 41
28
1
0.0065490910
4
15 33
0 15
9 0
28 9
4
15 33
0 15
9 0
28 9
44
1
0.0365230596
4
15 35
0 15
24 0
44 24
4
44 26
26 7
7 20
20 37
29
1
69.9229797655
1
29 27
1
29 27
37
1
0.0142726478
1
37 38
1
37 38
31
1
0.9201226159
1
31 42
4
31 13
13 3
3 19
19 38
30
1
17.9110657361
1
30 28
1
30 28
40
1
0.2506101160
4
9 29
0 9
21 0
40 21
4
40 22
22 3
3 25
25 42
34
1
0.2717299769
1
34 28
4
34 15
15 1
1 24
24 43
42
1
0.0005235052
4
18 37
0 18
24 0
42 24
4
42 26
26 6
6 11
11 28
27
1
0.0021148389
4
12 32
0 12
9 0
27 9
4
12 32
0 12
9 0
27 9
27
1
5.5049293783
4
12 32
0 12
9 0
27 9
4
27 9
9 1
1 21
21 40
41
1
0.5715667582
1
41 40
4
41 23
23 8
8 17
17 33
29
1
19.1796490051
4
18 36
0 18
9 0
29 9
4
29 10
10 5
5 16
16 33
42
1
0.0080764230
2
31 37
42 31
4
42 24
24 2
2 21
21 41
43
1
0.0434884714
1
43 44
1
43 44
38
1
0.0043384787
4
21 41
0 21
18 0
38 18
4
38 19
19 3
3 16
16 35
37
1
0.2147063525
4
15 33
0 15
18 0
37 18
4
37 18
18 2
2 9
9 29
27
1
0.0126237107
1
27 43
4
27 10
10 3
3 19
19 37
42
1
2.3734540788
4
18 37
0 18
24 0
42 24
4
42 25
25 5
5 22
22 41
29
1
0.0326050154
1
29 28
2
29 11
11 27
39
1
0.7966757496
4
9 28
0 9
21 0
39 21
2
39 21
21 40
29
1
0.0001211753
1
29 43
1
29 43
44
1
0.7458446870
1
44 28
4
44 24
24 0
0 21
21 39
32
1
0.0103151988
1
32 29
1
32 29
29
1
0.0004105705
4
21 41
0 21
9 0
29 9
4
21 41
0 21
9 0
29 9
29
1
0.3391961863
1
29 41
4
29 10
10 3
3 16
16 34
37
1
0.0011676701
1
37 33
2
37 20
20 38
34
1
0.0004246873
4
24 44
0 24
15 0
34 15
4
24 44
0 24
15 0
34 15
36
1
0.0204155447
1
36 34
4
36 18
18 0
0 15
15 35
39
1
0.0002058763
1
39 27
4
39 21
21 1
1 24
24 43
30
1
0.0369583978
1
30 39
4
30 13
13 5
5 10
10 27
42
1
5.1203622363
1
42 32
4
42 24
24 0
0 18
18 37
28
1
2.9777738734
1
28 34
1
28 34
41
1
0.1978104638
1
41 32
1
41 32
40
1
0.1830265611
1
40 41
4
40 21
21 2
2 15
15 34
39
1
0.0014172067
1
39 44
1
39 44
31
1
0.0043384787
1
31 33
1
31 33
35
1
2.1537014262
2
29 39
35 29
2
29 39
35 29
37
1
0.0011177628
2
18 38
37 18
4
37 18
18 2
2 9
9 27
31
1
0.0312990007
4
18 37
0 18
12 0
31 12
4
31 14
14 6
6 11
11 27
33
1
0.0006999657
4
9 28
0 9
15 0
33 15
4
9 28
0 9
15 0
33 15
42
1
0.0295576478
4
9 29
0 9
24 0
42 24
4
9 29
0 9
24 0
42 24
36
1
0.8620299730
4
15 34
0 15
18 0
36 18
4
36 18
18 1
1 21
21 39
29
1
4.1314752995
1
29 42
1
29 42
35
1
0.0113045611
4
24 43
0 24
15 0
35 15
4
35 17
17 7
7 11
11 27
35
1
0.0002694021
4
21 39
0 21
15 0
35 15
4
35 16
16 4
4 19
19 36
31
1
0.0031571748
1
31 42
4
31 13
13 3
3 19
19 36
39
1
0.7748910085
1
39 42
1
39 42
35
1
0.0487125303
1
35 30
1
35 30
43
1
2.2086395893
1
43 42
1
43 42
27
1
0.0147123644
2
9 28
27 9
2
27 9
9 29
40
1
0.0386997508
2
21 39
40 21
2
21 39
40 21
32
1
0.0049011800
4
15 33
0 15
12 0
32 12
4
15 33
0 15
12 0
32 12
35
1
0.0179003095
2
29 41
35 29
4
35 15
15 1
1 12
12 30
41
1
0.3537193471
1
41 34
1
41 34
32
1
0.0221568977
4
15 35
0 15
12 0
32 12
4
15 35
0 15
12 0
32 12
31
1
47.0884809233
4
24 42
0 24
12 0
31 12
4
24 42
0 24
12 0
31 12
41
1
0.3391961863
4
9 29
0 9
21 0
41 21
4
41 23
23 6
6 14
14 31
38
1
48.3570641923
3
43 29
36 43
38 36
4
38 19
19 5
5 10
10 27
30
1
0.8547683926
4
24 43
0 24
12 0
30 12
4
30 14
14 6
6 17
17 33
36
1
0.0025849120
1
36 30
4
36 18
18 2
2 21
21 41
33
1
0.1809145750
1
33 32
1
33 32
39
1
0.1893625194
2
21 40
39 21
2
21 40
39 21
43
1
0.0031367369
4
9 27
0 9
24 0
43 24
4
43 26
26 6
6 17
17 33
42
1
2.1537014262
1
42 29
1
42 29
44
1
0.0061069685
1
44 40
1
44 40
36
1
0.0031367369
1
36 31
4
36 18
18 0
0 9
9 29
43
1
0.9491689374
4
12 31
0 12
24 0
43 24
4
12 31
0 12
24 0
43 24
36
1
0.0282516330
2
18 38
36 18
2
18 38
36 18
37
1
0.1788025890
1
37 34
1
37 34
38
1
0.1238909506
1
38 36
1
38 36
36
1
0.0001000000
4
15 34
0 15
18 0
36 18
4
36 18
18 1
1 12
12 31
44
1
0.0922111593
1
44 33
1
44 33
33
1
2.7030830576
1
33 41
4
33 17
17 7
7 26
26 42
29
1
0.1386748532
4
12 30
0 12
9 0
29 9
4
29 10
10 5
5 16
16 34
28
1
64.8486466895
1
28 29
1
28 29
38
1
5.2851767257
1
38 33
1
38 33
33
1
0.0035250581
4
24 44
0 24
15 0
33 15
4
24 44
0 24
15 0
33 15
27
1
26.7911486192
4
24 44
0 24
9 0
27 9
4
24 44
0 24
9 0
27 9
31
1
0.0011302396
2
12 32
31 12
4
31 14
14 6
6 26
26 42
35
1
0.0028914814
2
29 40
35 29
2
29 40
35 29
37
1
0.0204155447
2
31 41
37 31
2
31 41
37 31
28
1
0.1534587559
1
28 27
4
28 9
9 2
2 18
18 38
32
1
68.6543964965
4
18 37
0 18
12 0
32 12
4
18 37
0 18
12 0
32 12
27
1
0.0132832856
4
12 31
0 12
9 0
27 9
4
27 9
9 1
1 15
15 33
35
1
0.6078746600
1
35 32
4
35 16
16 4
4 19
19 36
34
1
3.9117226470
4
21 40
0 21
15 0
34 15
4
21 40
0 21
15 0
34 15
42
1
0.2738419630
1
42 43
4
42 25
25 4
4 13
13 30
35
1
0.0212862212
4
9 29
0 9
15 0
35 15
4
35 16
16 4
4 25
25 44
36
1
1.1098763263
1
36 32
4
36 19
19 4
4 25
25 42
33
1
0.0010928091
4
21 41
0 21
15 0
33 15
4
33 16
16 5
5 25
25 43
43
1
0.0469711774
4
12 32
0 12
24 0
43 24
4
12 32
0 12
24 0
43 24
41
1
0.0128435690
4
12 30
0 12
21 0
41 21
4
12 30
0 12
21 0
41 21
31
1
0.0622080158
4
24 44
0 24
12 0
31 12
4
31 13
13 4
4 16
16 35
42
1
0.0036068100
1
42 34
4
42 26
26 8
8 17
17 33
42
1
0.0304283242
4
9 28
0 9
24 0
42 24
4
9 28
0 9
24 0
42 24
39
1
0.0012550079
4
12 32
0 12
21 0
39 21
4
39 22
22 4
4 10
10 27
27
1
0.0430531332
4
24 42
0 24
9 0
27 9
4
27 10
10 3
3 22
22 39
40
1
0.0521952362
1
40 28
4
40 21
21 2
2 24
24 43
43
1
0.0005658557
1
43 30
1
43 30
31
1
0.0016542664
2
12 30
31 12
4
31 13
13 3
3 16
16 34
33
1
1.9339487736
1
33 31
2
33 15
15 35
34
1
0.0001282337
1
34 32
4
34 16
16 3
3 19
19 36
42
1
1.8790106104
1
42 35
1
42 35
40
1
0.1428988254
2
28 34
40 28
2
28 34
40 28
44
1
0.0036476859
2
24 43
44 24
2
24 43
44 24
43
1
0.0004811547
4
9 29
0 9
24 0
43 24
4
9 29
0 9
24 0
43 24
31
1
0.7748910085
4
24 44
0 24
12 0
31 12
4
24 44
0 24
12 0
31 12
35
1
58.5057303444
4
18 36
0 18
15 0
35 15
4
18 36
0 18
15 0
35 15
36
1
0.0003823368
2
30 29
36 30
2
30 29
36 30
32
1
0.3391961863
1
32 36
4
32 14
14 7
7 17
17 34
35
1
1.4944434684
1
35 43
1
35 43
37
1
73.7287295725
4
24 44
0 24
18 0
37 18
4
24 44
0 24
18 0
37 18
27
1
0.0052629165
4
18 37
0 18
9 0
27 9
4
18 37
0 18
9 0
27 9
40
1
0.8983378748
1
40 44
1
40 44
31
1
21.7168155431
1
31 30
4
31 12
12 2
2 18
18 36
30
1
0.0508892215
4
9 29
0 9
12 0
30 12
4
9 29
0 9
12 0
30 12
37
1
0.0304283242
4
24 43
0 24
18 0
37 18
4
24 43
0 24
18 0
37 18
31
1
0.0556779422
4
18 38
0 18
12 0
31 12
2
31 13
13 32
31
1
0.0204155447
4
21 41
0 21
12 0
31 12
4
31 12
12 2
2 9
9 29
28
1
0.0052227236
2
9 29
28 9
2
9 29
28 9
34
1
0.1217789645
4
21 39
0 21
15 0
34 15
4
21 39
0 21
15 0
34 15
42
1
0.0055040743
4
18 37
0 18
24 0
42 24
4
42 24
24 0
0 15
15 34
43
1
5.6148057046
4
12 32
0 12
24 0
43 24
4
12 32
0 12
24 0
43 24
39
1
0.0118542068
2
29 35
39 29
4
39 22
22 4
4 16
16 33
36
1
0.0150421518
2
18 37
36 18
2
18 37
36 18
34
1
6.0543110098
1
34 42
1
34 42
35
1
0.0084464034
4
24 44
0 24
15 0
35 15
4
35 15
15 2
2 9
9 27
34
1
0.8402452319
4
24 42
0 24
15 0
34 15
4
34 16
16 5
5 22
22 41
32
1
0.0574192951
1
32 37
4
32 13
13 3
3 10
10 28
38
1
0.0022374666
2
32 30
38 32
2
38 19
19 36
38
1
100.3689782217
1
38 37
4
38 20
20 7
7 23
23 39
37
1
0.2062584081
1
37 31
1
37 31
35
1
0.0109747736
1
35 37
1
35 37
44
1
35.6712315022
1
44 40
4
44 26
26 7
7 11
11 29
29
1
0.8111989104
1
29 27
1
29 27
38
1
0.2632820326
1
38 36
1
38 36
32
1
5.9993728467
4
9 28
0 9
12 0
32 12
4
32 12
12 1
1 18
18 38
40
1
0.3972888293
1
40 32
2
40 22
22 41
42
1
0.3972888293
1
42 34
1
42 34
37
1
0.7385831067
4
24 44
0 24
18 0
37 18
4
37 20
20 8
8 26
26 42
33
1
0.1830265611
1
33 32
1
33 32
39
1
0.0469711774
2
32 38
39 32
2
32 38
39 32
41
1
0.0900991732
4
18 37
0 18
21 0
41 21
4
18 37
0 18
21 0
41 21
34
1
0.0005658557
4
18 36
0 18
15 0
34 15
4
34 17
17 8
8 14
14 30
42
1
1.6043197946
2
35 36
42 35
2
35 36
42 35
35
1
0.0073529499
4
24 43
0 24
15 0
35 15
4
35 16
16 4
4 19
19 36
41
1
0.4844277937
1
41 28
4
41 23
23 7
7 17
17 34
31
1
0.0045796364
4
18 36
0 18
12 0
31 12
4
18 36
0 18
12 0
31 12
44
1
0.9854768393
4
21 41
0 21
24 0
44 24
4
21 41
0 21
24 0
44 24
28
1
0.1069950619
1
28 29
1
28 29
39
1
0.0104251279
4
24 44
0 24
21 0
39 21
4
24 44
0 24
21 0
39 21
40
1
0.1999224499
1
40 39
1
40 39
27
1
0.0964351314
1
27 29
2
27 10
10 28
44
1
5.2302385626
1
44 31
1
44 31
39
1
0.0339110302
1
39 41
1
39 41
40
1
0.0064285121
4
9 27
0 9
21 0
40 21
4
40 23
23 8
8 14
14 30
32
1
30.5968984262
4
21 40
0 21
12 0
32 12
4
32 13
13 5
5 19
19 38
40
1
0.0080764230
1
40 27
4
40 22
22 4
4 16
16 34
41
1
3.6919699943
1
41 42
4
41 23
23 7
7 14
14 31
38
1
109.2490611048
4
24 42
1 24
18 1
38 18
4
24 42
1 24
18 1
38 18
44
1
0.0009056566
4
9 28
0 9
24 0
44 24
4
9 28
0 9
24 0
44 24
35
1
0.1788025890
4
24 43
0 24
15 0
35 15
4
24 43
0 24
15 0
35 15
32
1
0.0018039884
1
32 37
4
32 13
13 3
3 10
10 27
31
1
0.0252042654
1
31 36
1
31 36
31
1
0.0081166160
1
31 44
4
31 12
12 0
0 9
9 29
38
1
2.6481448945
4
24 42
0 24
18 0
38 18
4
38 19
19 5
5 25
25 43
35
1
0.0060265826
4
9 28
0 9
15 0
35 15
4
9 28
0 9
15 0
35 15
29
1
0.1112190341
4
15 34
0 15
9 0
29 9
4
15 34
0 15
9 0
29 9
32
1
0.1661306724
2
42 35
32 42
2
42 35
32 42
36
1
0.4335967311
4
9 28
0 9
18 0
36 18
4
9 28
0 9
18 0
36 18
36
1
0.0154818684
1
36 30
4
36 20
20 7
7 26
26 43
27
1
0.2168183386
4
24 44
0 24
9 0
27 9
2
27 10
10 29
27
1
0.0057452320
1
27 43
1
27 43
44
1
0.0548072657
1
44 42
4
44 26
26 8
8 20
20 37
27
1
0.8765531337
2
9 28
27 9
2
9 28
27 9
32
1
0.0199802065
2
12 30
32 12
2
12 30
32 12
42
1
0.0007564331
1
42 27
2
42 25
25 44
35
1
0.0035863720
4
21 39
0 21
15 0
35 15
4
35 16
16 3
3 22
22 41
33
1
0.0439238097
1
33 28
1
33 28
27
1
0.0079156512
4
24 42
0 24
9 0
27 9
4
27 11
11 8
8 23
23 39
27
1
0.6659673030
1
27 41
2
27 11
11 28
33
1
0.0217215594
4
24 43
0 24
15 0
33 15
4
33 15
15 2
2 18
18 37
44
1
0.0168010181
1
44 43
1
44 43
36
1
0.0055442672
4
24 44
0 24
18 0
36 18
4
24 44
0 24
18 0
36 18
32
1
0.0034024304
4
21 41
0 21
12 0
32 12
4
32 13
13 4
4 25
25 43
41
1
0.0001282337
2
21 40
41 21
2
21 40
41 21
36
1
0.0006858489
4
9 29
0 9
18 0
36 18
4
36 20
20 7
7 26
26 44
43
1
0.0089960491
4
12 31
0 12
24 0
43 24
4
12 31
0 12
24 0
43 24
43
1
0.0058658108
1
43 28
4
43 26
26 8
8 14
14 30
42
1
0.0017416043
4
18 37
0 18
24 0
42 24
4
18 37
0 18
24 0
42 24
35
1
0.0008682261
1
35 31
4
35 16
16 3
3 22
22 39
34
1
0.0017166506
4
12 30
0 12
15 0
34 15
4
34 15
15 2
2 18
18 37
40
1
0.0076744935
4
18 38
0 18
21 0
40 21
4
18 38
0 18
21 0
40 21
28
1
0.0017915116
2
32 38
28 32
2
32 38
28 32
36
1
0.0047806012
4
9 27
0 9
18 0
36 18
4
36 20
20 7
7 17
17 33
42
1
38.2083980403
1
42 29
4
42 26
26 6
6 23
23 41
36
1
0.0027892916
2
30 40
36 30
4
36 20
20 6
6 26
26 43
37
1
0.7022752048
1
37 35
4
37 19
19 5
5 25
25 44
28
1
0.4844277937
4
12 31
0 12
9 0
28 9
4
28 10
10 4
4 19
19 36
28
1
0.0062275473
1
28 39
1
28 39
41
1
35.6712315022
1
41 39
4
41 22
22 3
3 16
16 35
43
1
0.7966757496
4
12 30
0 12
24 0
43 24
4
43 26
26 7
7 20
20 37
44
1
0.0543719274
4
21 41
0 21
24 0
44 24
2
44 26
26 42
43
1
0.0050217589
4
12 32
0 12
24 0
43 24
4
43 26
26 8
8 17
17 34
32
1
0.1069950619
2
43 36
32 43
2
43 36
32 43
28
1
0.0107549154
4
21 39
0 21
9 0
28 9
4
28 11
11 7
7 26
26 44
37
1
0.0010553786
2
31 43
37 31
4
37 20
20 8
8 17
17 35
31
1
0.0626433540
1
31 34
4
31 13
13 4
4 25
25 43
29
1
0.0007634915
2
32 38
29 32
2
32 38
29 32
31
1
0.0030754230
4
15 33
0 15
12 0
31 12
4
31 12
12 2
2 24
24 43
38
1
0.0136130730
2
32 41
38 32
4
38 19
19 5
5 25
25 43
35
1
0.0001635258
1
35 36
4
35 16
16 3
3 25
25 42
42
1
0.1175549923
4
18 37
0 18
24 0
42 24
4
18 37
0 18
24 0
42 24
29
1
0.0028710434
1
29 39
4
29 9
9 2
2 24
24 44
36
1
5.1753003994
2
18 38
36 18
4
36 19
19 4
4 10
10 28
27
1
0.0067902487
4
12 32
0 12
9 0
27 9
4
12 32
0 12
9 0
27 9
35
1
0.0002694021
1
35 32
2
35 15
15 33
37
1
0.0041777069
4
15 34
0 15
18 0
37 18
4
15 34
0 15
18 0
37 18
41
1
0.0020944009
4
18 38
0 18
21 0
41 21
4
18 38
0 18
21 0
41 21
35
1
0.0003470447
1
35 38
1
35 38
36
1
0.0465358391
2
43 32
36 43
4
36 20
20 8
8 14
14 31
40
1
0.0964351314
1
40 31
4
40 21
21 2
2 9
9 28
37
1
0.0613373393
2
44 27
37 44
4
37 20
20 8
8 17
17 33
28
1
4.0215989733
4
21 41
0 21
9 0
28 9
2
28 10
10 27
37
1
1.0000000000
4
12 31
0 12
18 0
37 18
4
37 20
20 8
8 11
11 29
29
1
0.2379381995
4
12 30
0 12
9 0
29 9
4
12 30
0 12
9 0
29 9
36
1
0.0024827222
4
12 32
0 12
18 0
36 18
4
36 18
18 2
2 24
24 43
35
1
0.4408583115
1
35 42
4
35 16
16 5
5 22
22 41
34
1
0.0004458626
4
9 28
0 9
15 0
34 15
4
34 15
15 0
0 18
18 37
44
1
0.0016293128
1
44 37
1
44 37
31
1
0.0175705220
4
15 33
0 15
12 0
31 12
4
31 13
13 5
5 16
16 34
36
1
0.0066294769
1
36 30
1
36 30
29
1
0.0504538833
4
21 41
0 21
9 0
29 9
4
29 11
11 6
6 17
17 35
34
1
0.0019038030
2
28 40
34 28
2
28 40
34 28
27
1
0.0126237107
2
9 29
27 9
4
27 9
9 2
2 21
21 39
34
1
0.0187797426
1
34 32
1
34 32
28
1
0.6223978208
2
44 37
28 44
2
28 9
9 27
34
1
0.0247689271
1
34 37
1
34 37
33
1
0.8692915533
4
18 38
0 18
15 0
33 15
4
33 15
15 0
0 21
21 40
36
1
0.0100953405
2
30 39
36 30
4
36 19
19 3
3 10
10 29
36
1
0.0382644126
2
43 32
36 43
4
36 20
20 6
6 11
11 27
34
1
55.9685638064
2
42 41
34 42
2
42 41
34 42
33
1
0.3101498649
4
12 30
0 12
15 0
33 15
4
12 30
0 12
15 0
33 15
28
1
0.0013797762
1
28 41
1
28 41
33
1
0.0017665579
2
43 36
33 43
4
33 16
16 5
5 22
22 41
31
1
0.0019038030
2
44 37
31 44
4
31 12
12 2
2 15
15 35
32
1
0.1069950619
1
32 41
1
32 41
40
1
0.0029527952
4
12 32
0 12
21 0
40 21
4
12 32
0 12
21 0
40 21
34
1
0.0188896717
1
34 38
4
34 16
16 5
5 10
10 27
27
1
0.0029936712
1
27 31
1
27 31
30
1
0.0005235052
1
30 33
1
30 33
29
1
0.0001705842
1
29 40
1
29 40
38
1
12.8367326601
4
21 41
0 21
18 0
38 18
4
21 41
0 21
18 0
38 18
44
1
0.0077548795
4
15 35
0 15
24 0
44 24
4
44 24
24 2
2 12
12 32
44
1
0.0063079332
2
24 43
44 24
2
24 43
44 24
