20
532
361
1
0.9128610356
4
361 168
168 80
80 238
238 436
4
361 168
168 80
80 238
238 436
364
1
0.0142726478
4
364 169
169 93
93 269
269 463
4
364 169
169 93
93 269
269 463
366
1
0.9346457767
4
366 168
168 80
80 258
258 456
4
366 168
168 80
80 258
258 456
368
1
0.8475068122
4
368 169
169 93
93 139
139 338
4
368 169
169 93
93 139
139 338
362
1
0.1619067002
4
362 168
168 80
80 178
178 371
4
362 168
168 80
80 178
178 371
364
1
0.2484981299
4
364 169
169 93
93 209
209 400
4
364 169
169 93
93 209
209 400
363
1
0.0013548225
4
363 168
168 80
80 138
138 336
4
363 168
168 80
80 138
138 336
366
1
0.2294902551
4
366 169
169 93
93 119
119 313
4
366 169
169 93
93 119
119 313
367
1
0.0088861200
4
367 168
168 80
80 238
238 434
4
367 168
168 80
80 238
238 434
362
1
29.3283151572
4
362 169
169 93
93 139
139 336
4
362 169
169 93
93 139
139 336
363
1
74.9973128415
4
363 168
168 80
80 188
188 382
4
363 168
168 80
80 188
188 382
364
1
0.0019162799
4
364 169
169 93
93 209
209 403
4
364 169
169 93
93 209
209 403
360
1
0.9854768393
4
360 168
168 80
80 218
218 419
4
360 168
168 80
80 218
218 419
367
1
0.0019661872
4
367 169
169 93
93 269
269 465
4
367 169
169 93
93 269
269 465
360
1
0.0816512288
4
360 168
168 80
80 298
298 494
4
360 168
168 80
80 298
298 494
368
1
0.0003893952
4
368 169
169 93
93 129
129 323
4
368 169
169 93
93 129
129 323
361
1
0.0015918823
4
361 168
168 80
80 258
258 455
4
361 168
168 80
80 258
258 455
360
1
0.0260749418
4
360 169
169 93
93 149
149 348
4
360 169
169 93
93 149
149 348
363
1
0.0004458626
4
363 168
168 80
80 178
178 376
4
363 168
168 80
80 178
178 376
365
1
0.0443591479
4
365 169
169 93
93 259
259 451
4
365 169
169 93
93 259
259 451
362
1
120.6663105259
4
362 168
168 80
80 118
118 317
4
362 168
168 80
80 118
118 317
364
1
0.0474065156
4
364 169
169 93
93 179
179 376
4
364 169
169 93
93 179
179 376
366
1
1.2746908158
4
366 168
168 80
80 198
198 392
4
366 168
168 80
80 198
198 392
360
1
124.4720603329
4
360 169
169 93
93 149
149 346
4
360 168
168 80
80 228
228 421
362
1
0.0225922359
4
362 168
168 80
80 188
188 386
4
362 168
168 80
80 188
188 386
362
1
0.2041464220
4
362 169
169 93
93 209
209 404
4
362 169
169 93
93 209
209 404
363
1
0.0015294981
4
363 168
168 80
80 278
278 476
4
363 168
168 80
80 278
278 476
364
1
0.0058658108
4
364 169
169 93
93 129
129 326
4
364 169
169 93
93 129
129 326
360
1
0.0011551932
4
360 168
168 80
80 238
238 434
4
360 168
168 80
80 238
238 434
363
1
0.0008307957
4
363 169
169 93
93 179
179 379
4
363 169
169 93
93 179
179 379
361
1
0.0018538957
4
361 168
168 80
80 248
248 445
4
361 168
168 80
80 248
248 445
360
1
0.7240599459
4
360 169
169 93
93 179
179 373
4
360 169
169 93
93 179
179 373
366
1
2.3185159156
4
366 168
168 80
80 218
218 418
4
366 168
168 80
80 218
218 418
365
1
0.0144925061
4
365 169
169 93
93 199
199 397
4
365 169
169 93
93 199
199 397
362
1
1.3296289789
4
362 168
168 80
80 108
108 300
4
362 168
168 80
80 108
108 300
362
1
0.1661306724
4
362 169
169 93
93 289
289 481
4
362 169
169 93
93 289
289 481
369
1
0.0526305745
4
369 168
168 80
80 148
148 342
4
369 168
168 80
80 148
148 342
364
1
0.1893625194
4
364 169
169 93
93 259
259 455
4
364 169
169 93
93 259
259 455
364
1
0.5279972760
4
364 168
168 80
80 148
148 345
4
364 168
168 80
80 148
148 345
369
1
2.6481448945
4
369 169
169 93
93 249
249 442
4
369 169
169 93
93 249
249 442
368
1
0.0179003095
4
368 168
168 80
80 268
268 468
4
368 168
168 80
80 268
268 468
361
1
0.0037294377
4
361 169
169 93
93 219
219 410
4
361 169
169 93
93 219
219 410
367
1
0.7676294282
4
367 168
168 80
80 148
148 349
4
367 168
168 80
80 148
148 349
369
1
0.0063079332
4
369 169
169 93
93 259
259 457
4
369 169
169 93
93 259
259 457
365
1
120.6663105259
4
365 168
168 80
80 178
178 374
4
365 168
168 80
80 178
178 374
368
1
0.2168183386
4
368 169
169 93
93 129
129 327
4
368 169
169 93
93 129
129 327
367
1
0.9419073570
4
367 168
168 80
80 258
258 453
4
367 168
168 80
80 258
258 453
369
1
0.2484981299
4
369 169
169 93
93 239
239 430
4
369 169
169 93
93 239
239 430
364
1
80.0716459176
4
364 168
168 80
80 178
178 376
4
364 168
168 80
80 178
178 376
364
1
0.9782152589
4
364 169
169 93
93 289
289 487
4
364 169
169 93
93 289
289 487
362
1
0.8620299730
4
362 168
168 80
80 158
158 358
4
362 168
168 80
80 158
158 358
360
1
0.0513245598
4
360 169
169 93
93 159
159 359
4
360 169
169 93
93 159
159 359
360
1
0.0008307957
4
360 168
168 80
80 158
158 355
4
360 168
168 80
80 158
158 355
365
1
0.0326050154
4
365 169
169 93
93 119
119 317
4
365 169
169 93
93 119
119 317
368
1
0.0561132804
4
368 168
168 80
80 198
198 390
4
368 168
168 80
80 198
198 390
363
1
0.0013922530
4
363 169
169 93
93 189
189 382
4
363 169
169 93
93 189
189 382
363
1
0.0150421518
4
363 168
168 80
80 128
128 328
4
363 168
168 80
80 128
128 328
369
1
0.0039338173
4
369 169
169 93
93 189
189 385
4
369 169
169 93
93 189
189 385
363
1
0.0058658108
4
363 168
168 80
80 278
278 475
4
363 168
168 80
80 278
278 475
367
1
0.0043384787
4
367 169
169 93
93 239
239 431
4
367 169
169 93
93 239
239 431
367
1
0.0176804512
4
367 168
168 80
80 138
138 332
4
367 168
168 80
80 138
138 332
368
1
3.9117226470
4
368 169
169 93
93 219
219 418
4
368 169
169 93
93 219
219 418
364
1
62.3114801514
4
364 168
168 80
80 138
138 330
4
364 168
168 80
80 138
138 330
363
1
0.8910762945
4
363 169
169 93
93 159
159 358
4
363 169
169 93
93 159
159 358
363
1
24.2539820811
4
363 168
168 80
80 108
108 301
4
363 168
168 80
80 108
108 301
365
1
3.9117226470
4
365 169
169 93
93 119
119 316
4
365 169
169 93
93 119
119 316
366
1
2.2086395893
4
366 168
168 80
80 188
188 381
4
366 168
168 80
80 188
188 381
366
1
0.0079960371
4
366 169
169 93
93 229
229 421
4
366 169
169 93
93 229
229 421
362
1
0.0026053499
4
362 168
168 80
80 118
118 317
4
362 168
168 80
80 118
118 317
360
1
0.0024214083
4
360 169
169 93
93 289
289 485
4
360 169
169 93
93 289
289 485
361
1
0.0088861200
4
361 168
168 80
80 158
158 359
4
361 168
168 80
80 158
158 359
360
1
0.0059863896
4
360 169
169 93
93 109
109 302
4
360 169
169 93
93 109
109 302
362
1
0.0015419750
4
362 168
168 80
80 288
288 487
4
362 168
168 80
80 288
288 487
368
1
0.0004176289
4
368 169
169 93
93 249
249 446
4
368 169
169 93
93 249
249 446
360
1
0.0369583978
4
360 168
168 80
80 178
178 370
4
360 168
168 80
80 178
178 370
364
1
0.6514441422
4
364 169
169 93
93 299
299 497
4
364 169
169 93
93 299
299 497
367
1
0.7894141693
4
367 168
168 80
80 278
278 471
4
367 168
168 80
80 278
278 471
367
1
0.0347817066
4
367 169
169 93
93 289
289 483
4
367 169
169 93
93 289
289 483
360
1
0.0208508830
4
360 168
168 80
80 218
218 414
4
360 168
168 80
80 218
218 414
363
1
0.0225922359
4
363 169
169 93
93 189
189 388
4
363 169
169 93
93 189
189 388
362
1
0.0012425311
4
362 168
168 80
80 108
108 302
4
362 168
168 80
80 108
108 302
366
1
0.0039951312
4
366 169
169 93
93 159
159 356
4
366 169
169 93
93 159
159 356
364
1
4.1314752995
4
364 168
168 80
80 148
148 346
4
364 168
168 80
80 148
148 346
366
1
1.2746908158
4
366 169
169 93
93 179
179 370
4
366 169
169 93
93 179
179 370
360
1
0.0582899716
4
360 168
168 80
80 258
258 457
4
360 168
168 80
80 258
258 457
361
1
0.0578546334
4
361 169
169 93
93 199
199 393
4
361 169
169 93
93 199
199 393
362
1
0.0006152647
4
362 168
168 80
80 178
178 373
4
362 168
168 80
80 178
178 373
361
1
0.0019038030
4
361 169
169 93
93 239
239 431
4
361 169
169 93
93 239
239 431
366
1
0.9854768393
4
366 168
168 80
80 198
198 397
4
366 168
168 80
80 198
198 397
365
1
0.0071921781
4
365 169
169 93
93 269
269 462
4
365 169
169 93
93 269
269 462
360
1
0.0016916969
4
360 168
168 80
80 118
118 311
4
360 168
168 80
80 118
118 311
367
1
0.0609020010
4
367 169
169 93
93 249
249 441
4
367 169
169 93
93 249
249 441
364
1
0.4626430526
4
364 168
168 80
80 258
258 452
4
364 168
168 80
80 258
258 452
363
1
0.0217215594
4
363 169
169 93
93 229
229 421
4
363 169
169 93
93 229
229 421
366
1
6.4938163150
4
366 168
168 80
80 178
178 377
4
366 168
168 80
80 178
178 377
368
1
0.0081166160
4
368 169
169 93
93 239
239 435
4
368 169
169 93
93 239
239 435
369
1
0.0051423377
4
369 168
168 80
80 148
148 340
4
369 168
168 80
80 148
148 340
367
1
5.8894965203
4
367 169
169 93
93 239
239 430
4
367 169
169 93
93 239
239 430
360
1
0.0049011800
4
360 168
168 80
80 278
278 471
4
360 168
168 80
80 278
278 471
363
1
3.5820936681
4
363 169
169 93
93 129
129 327
4
363 169
169 93
93 129
129 327
363
1
0.1281149228
4
363 168
168 80
80 198
198 390
4
363 168
168 80
80 198
198 390
360
1
0.0312990007
4
360 169
169 93
93 109
109 306
4
360 169
169 93
93 109
109 306
366
1
1.3296289789
4
366 168
168 80
80 258
258 453
4
366 168
168 80
80 258
258 453
361
1
58.5057303444
4
361 169
169 93
93 269
269 465
4
361 169
169 93
93 269
269 465
364
1
5.6697438678
4
364 168
168 80
80 238
238 439
4
364 168
168 80
80 238
238 439
368
1
0.0018414189
4
368 169
169 93
93 129
129 326
4
368 169
169 93
93 129
129 326
369
1
0.0373937361
4
369 168
168 80
80 138
138 333
4
369 168
168 80
80 138
138 333
362
1
0.0015794055
4
362 169
169 93
93 189
189 384
4
362 169
169 93
93 189
189 384
365
1
0.0114144902
4
365 168
168 80
80 178
178 379
4
365 168
168 80
80 178
178 379
368
1
3.3623410155
4
368 169
169 93
93 289
289 487
4
368 169
169 93
93 289
289 487
367
1
0.0033411165
4
367 168
168 80
80 128
128 327
4
367 168
168 80
80 128
128 327
361
1
0.0138329313
4
361 169
169 93
93 149
149 348
4
361 169
169 93
93 149
149 348
365
1
24.2539820811
4
365 168
168 80
80 248
248 448
4
365 168
168 80
80 248
248 448
367
1
0.0059060037
4
367 169
169 93
93 239
239 436
4
367 169
169 93
93 239
239 436
361
1
0.0003823368
4
361 168
168 80
80 298
298 497
4
361 168
168 80
80 298
298 497
360
1
24.2539820811
4
360 169
169 93
93 139
139 339
4
360 169
169 93
93 139
139 339
362
1
0.0012924384
4
362 168
168 80
80 138
138 330
4
362 168
168 80
80 138
138 330
363
1
0.0012300542
4
363 169
169 93
93 129
129 323
4
363 169
169 93
93 129
129 323
360
1
0.0031980508
4
360 168
168 80
80 158
158 359
4
360 168
168 80
80 158
158 359
366
1
0.0080764230
4
366 169
169 93
93 159
159 351
4
366 169
169 93
93 159
159 351
368
1
0.0105350571
4
368 168
168 80
80 188
188 384
4
368 168
168 80
80 188
188 384
368
1
0.0006152647
4
368 169
169 93
93 199
199 398
4
368 169
169 93
93 199
199 398
368
1
0.0126237107
4
368 168
168 80
80 288
288 487
4
368 168
168 80
80 288
288 487
369
1
0.0019537104
4
369 169
169 93
93 249
249 449
4
369 169
169 93
93 249
249 449
368
1
0.0016043591
4
368 168
168 80
80 228
228 421
4
368 168
168 80
80 228
228 421
366
1
0.0006646736
4
366 169
169 93
93 289
289 484
4
366 169
169 93
93 289
289 484
368
1
0.0173506638
4
368 168
168 80
80 128
128 328
4
368 168
168 80
80 128
128 328
365
1
0.0012300542
4
365 169
169 93
93 269
269 463
4
365 169
169 93
93 269
269 463
366
1
5.8894965203
4
366 168
168 80
80 278
278 472
4
366 168
168 80
80 278
278 472
363
1
4.2413516258
4
363 169
169 93
93 189
189 388
4
363 169
169 93
93 189
189 388
367
1
0.1513467698
4
367 168
168 80
80 258
258 451
4
367 168
168 80
80 258
258 451
365
1
96.5632284147
4
365 169
169 93
93 199
199 392
4
365 169
169 93
93 199
199 392
364
1
0.0173506638
4
364 168
168 80
80 258
258 458
4
364 168
168 80
80 258
258 458
366
1
0.0046198294
4
366 169
169 93
93 139
139 336
4
366 169
169 93
93 139
139 336
366
1
0.0024418462
4
366 168
168 80
80 248
248 442
4
366 168
168 80
80 248
248 442
367
1
0.7748910085
4
367 169
169 93
93 289
289 489
4
367 169
169 93
93 289
289 489
365
1
1.8790106104
4
365 168
168 80
80 208
208 407
4
365 168
168 80
80 208
208 407
365
1
0.0273809566
4
365 169
169 93
93 149
149 347
4
365 169
169 93
93 149
149 347
367
1
0.0069108275
4
367 168
168 80
80 258
258 454
4
367 168
168 80
80 258
258 454
368
1
121.9348937949
4
368 169
169 93
93 239
239 431
4
368 169
169 93
93 239
239 431
364
1
0.0003611615
4
364 168
168 80
80 148
148 347
4
364 168
168 80
80 148
148 347
361
1
0.0007846667
4
361 169
169 93
93 229
229 428
4
361 169
169 93
93 229
229 428
369
1
1.9339487736
4
369 168
168 80
80 278
278 479
4
369 168
168 80
80 278
278 479
368
1
0.8983378748
4
368 169
169 93
93 129
129 321
4
368 169
169 93
93 129
129 321
362
1
0.0001917595
4
362 168
168 80
80 188
188 382
4
362 168
168 80
80 188
188 382
364
1
0.0057452320
4
364 169
169 93
93 249
249 443
4
364 169
169 93
93 249
249 443
360
1
0.0008058420
4
360 168
168 80
80 278
278 478
4
360 168
168 80
80 278
278 478
360
1
0.2527221021
4
360 169
169 93
93 239
239 436
4
360 169
169 93
93 239
239 436
363
1
0.0034433063
4
363 168
168 80
80 118
118 319
4
363 168
168 80
80 118
118 319
363
1
0.0304283242
4
363 169
169 93
93 179
179 374
4
363 169
169 93
93 179
179 374
360
1
0.0071117923
4
360 168
168 80
80 278
278 478
4
360 168
168 80
80 278
278 478
369
1
0.0587253098
4
369 169
169 93
93 299
299 497
4
369 169
169 93
93 299
299 497
367
1
0.3464577667
4
367 168
168 80
80 138
138 330
4
367 168
168 80
80 138
138 330
362
1
4.1314752995
4
362 169
169 93
93 119
119 316
4
362 169
169 93
93 119
119 316
365
1
0.0373937361
4
365 168
168 80
80 188
188 386
4
365 168
168 80
80 188
188 386
361
1
0.0291223095
4
361 169
169 93
93 209
209 405
4
361 169
169 93
93 209
209 405
369
1
0.0157017267
4
369 168
168 80
80 278
278 471
4
369 168
168 80
80 278
278 471
367
1
43.2827311163
4
367 169
169 93
93 269
269 465
4
367 169
169 93
93 269
269 465
366
1
0.0012175774
4
366 168
168 80
80 278
278 471
4
366 168
168 80
80 278
278 471
367
1
0.0003541031
4
367 169
169 93
93 269
269 468
4
367 169
169 93
93 269
269 468
366
1
5.1753003994
4
366 168
168 80
80 188
188 385
4
366 168
168 80
80 188
188 385
360
1
0.0023600944
4
360 169
169 93
93 199
199 393
4
360 169
169 93
93 199
199 393
368
1
0.0028097295
4
368 168
168 80
80 148
148 342
4
368 168
168 80
80 148
148 342
364
1
0.0556779422
4
364 169
169 93
93 199
199 396
4
364 169
169 93
93 199
199 396
367
1
0.0858752010
4
367 168
168 80
80 218
218 418
4
367 168
168 80
80 218
218 418
363
1
0.0077548795
4
363 169
169 93
93 179
179 376
4
363 169
169 93
93 179
179 376
365
1
0.0018164652
4
365 168
168 80
80 238
238 431
4
365 168
168 80
80 238
238 431
367
1
5.3950530520
4
367 169
169 93
93 209
209 401
4
367 169
169 93
93 209
209 401
361
1
0.0609020010
4
361 168
168 80
80 228
228 425
4
361 168
168 80
80 228
228 425
362
1
0.4553814723
4
362 169
169 93
93 229
229 426
4
362 169
169 93
93 229
229 426
361
1
128.2778101400
4
361 168
168 80
80 228
228 421
4
361 169
169 93
93 149
149 343
368
1
0.1365628671
4
368 169
169 93
93 259
259 454
4
368 169
169 93
93 259
259 454
368
1
0.0002058763
4
368 168
168 80
80 298
298 490
4
368 168
168 80
80 298
298 490
364
1
0.8402452319
4
364 169
169 93
93 139
139 337
4
364 169
169 93
93 139
139 337
363
1
0.0065088980
4
363 168
168 80
80 108
108 304
4
363 168
168 80
80 108
108 304
363
1
6.2740636624
4
363 169
169 93
93 189
189 386
4
363 169
169 93
93 189
189 386
363
1
0.0075539147
4
363 168
168 80
80 108
108 309
4
363 168
168 80
80 108
108 309
361
1
0.2421621717
4
361 169
169 93
93 289
289 489
4
361 169
169 93
93 289
289 489
364
1
0.0075941077
4
364 168
168 80
80 118
118 312
4
364 168
168 80
80 118
118 312
368
1
0.0057854249
4
368 169
169 93
93 249
249 446
4
368 169
169 93
93 249
249 446
363
1
0.0647553401
4
363 168
168 80
80 268
268 467
4
363 168
168 80
80 268
268 467
364
1
0.0075539147
4
364 169
169 93
93 139
139 330
4
364 169
169 93
93 139
139 330
362
1
0.0038929414
4
362 168
168 80
80 278
278 475
4
362 168
168 80
80 278
278 475
367
1
9.0309828530
4
367 169
169 93
93 249
249 444
4
367 169
169 93
93 249
249 444
369
1
124.4720603329
4
369 168
168 80
80 298
298 498
4
369 168
168 80
80 298
298 498
366
1
0.2125943664
4
366 169
169 93
93 279
279 476
4
366 169
169 93
93 279
279 476
369
1
0.0005658557
4
369 168
168 80
80 238
238 438
4
369 168
168 80
80 238
238 438
360
1
0.3319346060
4
360 169
169 93
93 149
149 348
4
360 169
169 93
93 149
149 348
364
1
0.0360877214
4
364 168
168 80
80 158
158 354
4
364 168
168 80
80 158
158 354
365
1
91.4888953387
4
365 169
169 93
93 149
149 341
4
365 169
169 93
93 149
149 341
363
1
0.0015170213
4
363 168
168 80
80 298
298 493
4
363 168
168 80
80 298
298 493
367
1
0.0011926237
4
367 169
169 93
93 269
269 466
4
367 169
169 93
93 269
269 466
360
1
0.0033206785
4
360 168
168 80
80 138
138 335
4
360 168
168 80
80 138
138 335
366
1
0.0051021447
4
366 169
169 93
93 249
249 442
4
366 169
169 93
93 249
249 442
369
1
0.5643051778
4
369 168
168 80
80 138
138 339
4
369 168
168 80
80 138
138 339
364
1
0.0017790347
4
364 169
169 93
93 149
149 347
4
364 169
169 93
93 149
149 347
366
1
0.2442741577
4
366 168
168 80
80 268
268 465
4
366 168
168 80
80 268
268 465
368
1
0.0053433025
4
368 169
169 93
93 119
119 314
4
368 169
169 93
93 119
119 314
360
1
0.7748910085
4
360 168
168 80
80 198
198 397
4
360 168
168 80
80 198
198 397
363
1
0.6078746600
4
363 169
169 93
93 109
109 307
4
363 169
169 93
93 109
109 307
360
1
5.3401148888
4
360 168
168 80
80 128
128 324
4
360 168
168 80
80 128
128 324
360
1
0.2189303247
4
360 169
169 93
93 199
199 393
4
360 169
169 93
93 199
199 393
365
1
0.0058256179
4
365 168
168 80
80 128
128 322
4
365 168
168 80
80 128
128 322
360
1
0.2020344359
4
360 169
169 93
93 209
209 406
4
360 169
169 93
93 209
209 406
360
1
0.1006591036
4
360 168
168 80
80 278
278 476
4
360 168
168 80
80 278
278 476
364
1
0.0176804512
4
364 169
169 93
93 179
179 378
4
364 169
169 93
93 179
179 378
363
1
0.0003823368
4
363 168
168 80
80 218
218 416
4
363 168
168 80
80 218
218 416
361
1
105.4433112978
4
361 169
169 93
93 289
289 481
4
361 169
169 93
93 289
289 481
363
1
3.3623410155
4
363 168
168 80
80 298
298 495
4
363 168
168 80
80 298
298 495
361
1
73.7287295725
4
361 169
169 93
93 219
219 415
4
361 169
169 93
93 219
219 415
368
1
0.0034228683
4
368 168
168 80
80 128
128 325
4
368 168
168 80
80 128
128 325
360
1
0.0017915116
4
360 169
169 93
93 219
219 416
4
360 169
169 93
93 219
219 416
367
1
2.4283922419
4
367 168
168 80
80 148
148 344
4
367 168
168 80
80 148
148 344
363
1
0.1386748532
4
363 169
169 93
93 189
189 385
4
363 169
169 93
93 189
189 385
363
1
0.0019661872
4
363 168
168 80
80 208
208 400
4
363 168
168 80
80 208
208 400
364
1
0.2252662829
4
364 169
169 93
93 179
179 374
4
364 169
169 93
93 179
179 374
367
1
0.0001776426
4
367 168
168 80
80 208
208 402
4
367 168
168 80
80 208
208 402
365
1
0.5497820171
4
365 169
169 93
93 229
229 420
4
365 169
169 93
93 229
229 420
367
1
0.0048207941
4
367 168
168 80
80 248
248 441
4
367 168
168 80
80 248
248 441
360
1
0.9709536785
4
360 169
169 93
93 149
149 347
4
360 169
169 93
93 149
149 347
364
1
2.9777738734
4
364 168
168 80
80 138
138 331
4
364 168
168 80
80 138
138 331
361
1
0.1492347837
4
361 169
169 93
93 299
299 495
4
361 169
169 93
93 299
299 495
367
1
0.0003117526
4
367 168
168 80
80 208
208 403
4
367 168
168 80
80 208
208 403
362
1
0.0195448682
4
362 169
169 93
93 199
199 393
4
362 169
169 93
93 199
199 393
360
1
0.0081166160
4
360 168
168 80
80 178
178 378
4
360 168
168 80
80 178
178 378
369
1
0.0006223231
4
369 169
169 93
93 129
129 323
4
369 169
169 93
93 129
129 323
364
1
0.0002764605
4
364 168
168 80
80 208
208 409
4
364 168
168 80
80 208
208 409
369
1
0.0069510205
4
369 169
169 93
93 249
249 442
4
369 169
169 93
93 249
249 442
364
1
0.2611700465
4
364 168
168 80
80 158
158 354
4
364 168
168 80
80 158
158 354
361
1
0.0034841822
4
361 169
169 93
93 269
269 467
4
361 169
169 93
93 269
269 467
363
1
0.0052629165
4
363 168
168 80
80 148
148 343
4
363 168
168 80
80 148
148 343
364
1
0.1323388950
4
364 169
169 93
93 269
269 460
4
364 169
169 93
93 269
269 460
363
1
5.1203622363
4
363 168
168 80
80 258
258 451
4
363 168
168 80
80 258
258 451
366
1
0.0369583978
4
366 169
169 93
93 179
179 375
4
366 169
169 93
93 179
179 375
365
1
0.0058658108
4
365 168
168 80
80 248
248 440
4
365 168
168 80
80 248
248 440
360
1
0.0173506638
4
360 169
169 93
93 299
299 495
4
360 169
169 93
93 299
299 495
366
1
0.0066294769
4
366 168
168 80
80 198
198 396
4
366 168
168 80
80 198
198 396
362
1
0.0004458626
4
362 169
169 93
93 239
239 439
4
362 169
169 93
93 239
239 439
360
1
0.0003399863
4
360 168
168 80
80 178
178 375
4
360 168
168 80
80 178
178 375
360
1
0.0034024304
4
360 169
169 93
93 179
179 372
4
360 169
169 93
93 179
179 372
360
1
0.0040360071
4
360 168
168 80
80 258
258 456
4
360 168
168 80
80 258
258 456
363
1
0.0356523831
4
363 169
169 93
93 269
269 468
4
363 169
169 93
93 269
269 468
366
1
0.1534587559
4
366 168
168 80
80 158
158 352
4
366 168
168 80
80 158
158 352
367
1
0.0006787904
4
367 169
169 93
93 149
149 347
4
367 169
169 93
93 149
149 347
362
1
0.0164712306
4
362 168
168 80
80 158
158 357
4
362 168
168 80
80 158
158 357
361
1
0.0021557148
4
361 169
169 93
93 189
189 387
4
361 169
169 93
93 189
189 387
360
1
0.0121839942
4
360 168
168 80
80 228
228 423
4
360 168
168 80
80 228
228 423
365
1
0.0002129347
4
365 169
169 93
93 249
249 448
4
365 169
169 93
93 249
249 448
366
1
0.0017041738
4
366 168
168 80
80 208
208 403
4
366 168
168 80
80 208
208 403
366
1
0.0017665579
4
366 169
169 93
93 249
249 443
4
366 169
169 93
93 249
249 443
368
1
1.4944434684
4
368 168
168 80
80 188
188 384
4
368 168
168 80
80 188
188 384
368
1
0.0177903803
4
368 169
169 93
93 139
139 338
4
368 169
169 93
93 139
139 338
365
1
0.0004458626
4
365 168
168 80
80 188
188 381
4
365 168
168 80
80 188
188 381
368
1
0.0039133794
4
368 169
169 93
93 279
279 474
4
368 169
169 93
93 279
279 474
360
1
0.9346457767
4
360 168
168 80
80 228
228 420
4
360 168
168 80
80 228
228 420
360
1
6.4388781519
4
360 169
169 93
93 219
219 417
4
360 169
169 93
93 219
219 417
362
1
0.0032389267
4
362 168
168 80
80 278
278 474
4
362 168
168 80
80 278
278 474
362
1
0.0013049152
4
362 169
169 93
93 189
189 380
4
362 169
169 93
93 189
189 380
365
1
0.0183400260
4
365 168
168 80
80 248
248 445
4
365 168
168 80
80 248
248 445
360
1
0.0014546372
4
360 169
169 93
93 269
269 469
4
360 169
169 93
93 269
269 469
368
1
3.3074028523
4
368 168
168 80
80 208
208 407
4
368 168
168 80
80 208
208 407
366
1
0.2083703942
4
366 169
169 93
93 289
289 485
4
366 169
169 93
93 289
289 485
361
1
0.0018039884
4
361 168
168 80
80 288
288 480
4
361 168
168 80
80 288
288 480
361
1
0.3464577667
4
361 169
169 93
93 189
189 388
4
361 169
169 93
93 189
189 388
362
1
0.0004740963
4
362 168
168 80
80 138
138 331
4
362 168
168 80
80 138
138 331
362
1
111.7862276428
4
362 169
169 93
93 229
229 426
4
362 169
169 93
93 229
229 426
361
1
5.1753003994
4
361 168
168 80
80 258
258 454
4
361 168
168 80
80 258
258 454
364
1
0.0002835189
4
364 169
169 93
93 139
139 331
4
364 169
169 93
93 139
139 331
361
1
67.3858132275
4
361 168
168 80
80 148
148 347
4
361 168
168 80
80 148
148 347
362
1
5.1753003994
4
362 169
169 93
93 249
249 440
4
362 169
169 93
93 249
249 440
367
1
0.0051423377
4
367 168
168 80
80 188
188 382
4
367 168
168 80
80 188
188 382
368
1
0.3827656686
4
368 169
169 93
93 219
219 417
4
368 169
169 93
93 219
219 417
366
1
0.0025849120
4
366 168
168 80
80 208
208 406
4
366 168
168 80
80 208
208 406
368
1
0.0001352921
4
368 169
169 93
93 199
199 390
4
368 169
169 93
93 199
199 390
366
1
0.0030345471
4
366 168
168 80
80 278
278 471
4
366 168
168 80
80 278
278 471
362
1
0.0001423505
4
362 169
169 93
93 269
269 461
4
362 169
169 93
93 269
269 461
367
1
0.0008058420
4
367 168
168 80
80 228
228 429
4
367 168
168 80
80 228
228 429
366
1
0.0513245598
4
366 169
169 93
93 249
249 447
4
366 169
169 93
93 249
249 447
360
1
1.4395053052
4
360 168
168 80
80 178
178 379
4
360 168
168 80
80 178
178 379
360
1
0.0094357657
4
360 169
169 93
93 139
139 335
4
360 169
169 93
93 139
139 335
369
1
0.0066696698
4
369 168
168 80
80 208
208 408
4
369 168
168 80
80 208
208 408
360
1
0.0017041738
4
360 169
169 93
93 139
139 332
4
360 169
169 93
93 139
139 332
362
1
0.8257220711
4
362 168
168 80
80 198
198 398
4
362 168
168 80
80 198
198 398
369
1
0.2189303247
4
369 169
169 93
93 139
139 338
4
369 169
169 93
93 139
139 338
360
1
1.1648144894
4
360 168
168 80
80 138
138 334
4
360 168
168 80
80 138
138 334
360
1
0.0176804512
4
360 169
169 93
93 199
199 396
4
360 169
169 93
93 199
199 396
362
1
0.0006646736
4
362 168
168 80
80 248
248 440
4
362 168
168 80
80 248
248 440
360
1
0.0014296835
4
360 169
169 93
93 209
209 409
4
360 169
169 93
93 209
209 409
361
1
0.0007070241
4
361 168
168 80
80 218
218 414
4
361 168
168 80
80 218
218 414
362
1
0.0057854249
4
362 169
169 93
93 139
139 332
4
362 169
169 93
93 139
139 332
367
1
0.0212862212
4
367 168
168 80
80 228
228 424
4
367 168
168 80
80 228
228 424
367
1
0.0042982858
4
367 169
169 93
93 189
189 388
4
367 169
169 93
93 189
189 388
360
1
0.0023600944
4
360 168
168 80
80 278
278 475
4
360 168
168 80
80 278
278 475
365
1
0.0093258365
4
365 169
169 93
93 279
279 474
4
365 169
169 93
93 279
279 474
367
1
0.0075539147
4
367 168
168 80
80 208
208 409
4
367 168
168 80
80 208
208 409
366
1
0.0020944009
4
366 169
169 93
93 269
269 463
4
366 169
169 93
93 269
269 463
360
1
85.1459789936
4
360 168
168 80
80 128
128 327
4
360 168
168 80
80 128
128 327
365
1
0.0143825770
4
365 169
169 93
93 219
219 413
4
365 169
169 93
93 219
219 413
360
1
0.0061873544
4
360 168
168 80
80 198
198 396
4
360 168
168 80
80 198
198 396
477
1
116.8605607189
4
477 279
279 90
90 259
259 455
4
477 279
279 90
90 259
259 455
360
1
0.0121839942
4
360 168
168 80
80 288
288 480
4
360 168
168 80
80 288
288 480
360
1
0.0613373393
4
360 169
169 93
93 119
119 314
4
360 169
169 93
93 119
119 314
367
1
0.0169109472
4
367 168
168 80
80 248
248 446
4
367 168
168 80
80 248
248 446
360
1
0.0024009703
4
360 169
169 93
93 209
209 403
4
360 169
169 93
93 209
209 403
367
1
0.0184499552
4
367 168
168 80
80 198
198 398
4
367 168
168 80
80 198
198 398
369
1
0.0020944009
4
369 169
169 93
93 209
209 404
4
369 169
169 93
93 209
209 404
361
1
0.0347817066
4
361 168
168 80
80 148
148 342
4
361 168
168 80
80 148
148 342
366
1
0.0578546334
4
366 169
169 93
93 269
269 463
4
366 169
169 93
93 269
269 463
364
1
0.0004317457
4
364 168
168 80
80 218
218 416
4
364 168
168 80
80 218
218 416
362
1
0.0587253098
4
362 169
169 93
93 119
119 319
4
362 169
169 93
93 119
119 319
362
1
0.0278162948
4
362 168
168 80
80 158
158 358
4
362 168
168 80
80 158
158 358
365
1
0.0079156512
4
365 169
169 93
93 119
119 318
4
365 169
169 93
93 119
119 318
360
1
0.0500185450
4
360 168
168 80
80 138
138 337
4
360 168
168 80
80 138
138 337
369
1
0.0668673262
4
369 169
169 93
93 269
269 464
4
369 169
169 93
93 269
269 464
360
1
0.0021148389
4
360 168
168 80
80 148
148 341
4
360 168
168 80
80 148
148 341
362
1
0.2020344359
4
362 169
169 93
93 109
109 301
4
362 169
169 93
93 109
109 301
361
1
0.0034841822
4
361 168
168 80
80 288
288 488
4
361 168
168 80
80 288
288 488
393
1
119.3977272569
4
393 196
196 60
60 226
226 421
4
393 196
196 60
60 226
226 421
379
1
4.5709806047
4
379 173
173 30
30 243
243 442
4
379 173
173 30
30 243
243 442
368
1
0.0106449862
4
368 169
169 93
93 139
139 334
4
368 169
169 93
93 139
139 334
362
1
0.0001917595
4
362 168
168 80
80 128
128 326
4
362 168
168 80
80 128
128 326
415
1
94.0260618767
4
415 214
214 40
40 204
204 407
4
415 214
214 40
40 204
204 407
366
1
0.0039746932
4
366 168
168 80
80 298
298 493
4
366 168
168 80
80 298
298 493
366
1
0.0321696772
4
366 169
169 93
93 119
119 311
4
366 169
169 93
93 119
119 311
366
1
0.0050217589
4
366 168
168 80
80 138
138 332
4
366 168
168 80
80 138
138 332
362
1
0.0021557148
4
362 169
169 93
93 249
249 441
4
362 169
169 93
93 249
249 441
360
1
0.2484981299
4
360 168
168 80
80 198
198 395
4
360 168
168 80
80 198
198 395
367
1
0.0017166506
4
367 169
169 93
93 149
149 345
4
367 169
169 93
93 149
149 345
368
1
0.7531062674
4
368 168
168 80
80 228
228 427
4
368 168
168 80
80 228
228 427
367
1
0.0104251279
4
367 169
169 93
93 279
279 477
4
367 169
169 93
93 279
279 477
366
1
0.0004458626
4
366 168
168 80
80 128
128 328
4
366 168
168 80
80 128
128 328
360
1
6.1092491730
4
360 169
169 93
93 129
129 322
4
360 169
169 93
93 129
129 322
366
1
0.0003258694
4
366 168
168 80
80 298
298 494
4
366 168
168 80
80 298
298 494
367
1
0.0208508830
4
367 169
169 93
93 109
109 301
4
367 169
169 93
93 109
109 301
368
1
0.9128610356
4
368 168
168 80
80 218
218 417
4
368 168
168 80
80 218
218 417
370
1
128.2778101400
4
370 170
170 0
0 270
270 477
4
370 170
170 0
0 270
270 477
362
1
0.0003046942
4
362 168
168 80
80 138
138 337
4
362 168
168 80
80 138
138 337
366
1
0.0180102386
4
366 169
169 93
93 209
209 408
4
366 169
169 93
93 209
209 408
455
1
2.7030830576
4
455 253
253 30
30 163
163 365
4
455 253
253 30
30 163
163 365
369
1
0.0083364743
4
369 169
169 93
93 179
179 375
4
369 169
169 93
93 179
179 375
363
1
0.0020410482
4
363 168
168 80
80 248
248 446
4
363 168
168 80
80 248
248 446
367
1
0.0132832856
4
367 169
169 93
93 119
119 317
4
367 169
169 93
93 119
119 317
363
1
0.0009929945
4
363 168
168 80
80 298
298 493
4
363 168
168 80
80 298
298 493
367
1
0.0238982506
4
367 169
169 93
93 289
289 488
4
367 169
169 93
93 289
289 488
368
1
0.0430531332
4
368 168
168 80
80 298
298 495
4
368 168
168 80
80 298
298 495
365
1
0.1196669784
4
365 169
169 93
93 249
249 441
4
365 169
169 93
93 249
249 441
326
1
0.4045504097
4
326 122
122 20
20 232
232 437
4
326 122
122 20
20 232
232 437
364
1
0.0008807030
4
364 169
169 93
93 119
119 316
4
364 169
169 93
93 119
119 316
444
1
6.4388781519
4
444 242
242 20
20 262
262 468
4
444 242
242 20
20 262
262 468
364
1
0.8910762945
4
364 169
169 93
93 179
179 376
4
364 169
169 93
93 179
179 376
361
1
0.0165811598
4
361 168
168 80
80 248
248 444
4
361 168
168 80
80 248
248 444
361
1
0.0001705842
4
361 169
169 93
93 129
129 320
4
361 169
169 93
93 129
129 320
367
1
0.0081166160
4
367 168
168 80
80 148
148 342
4
367 168
168 80
80 148
148 342
366
1
0.0010179481
4
366 169
169 93
93 229
229 425
4
366 169
169 93
93 229
229 425
367
1
0.0066294769
4
367 168
168 80
80 198
198 399
4
367 168
168 80
80 198
198 399
366
1
0.6732288833
4
366 169
169 93
93 159
159 359
4
366 169
169 93
93 159
159 359
365
1
0.0001000000
4
365 168
168 80
80 288
288 480
4
365 168
168 80
80 288
288 480
368
1
0.0212862212
4
368 169
169 93
93 129
129 326
4
368 169
169 93
93 129
129 326
314
1
11.5681493910
4
314 115
115 50
50 105
105 302
4
314 115
115 50
50 105
105 302
455
1
59.7743136134
4
455 257
257 70
70 237
237 433
4
455 257
257 70
70 237
237 433
309
1
1.2746908158
4
309 108
108 80
80 238
238 438
4
309 108
108 80
80 238
238 438
368
1
0.0007140825
4
368 169
169 93
93 219
219 410
4
368 169
169 93
93 219
219 410
442
1
0.0033615544
4
442 247
247 70
70 187
187 380
4
442 247
247 70
70 187
187 380
364
1
0.0184499552
4
364 169
169 93
93 139
139 337
4
364 169
169 93
93 139
139 337
384
1
0.0147123644
4
384 181
181 10
10 211
211 416
4
384 181
181 10
10 211
211 416
361
1
0.0059060037
4
361 169
169 93
93 259
259 451
4
361 169
169 93
93 259
259 451
484
1
0.7167983656
4
484 288
288 80
80 298
298 493
4
484 288
288 80
80 298
298 493
382
1
114.3233941809
4
382 187
187 70
70 197
197 396
4
382 187
187 70
70 197
197 396
397
1
62.3114801514
4
397 197
197 70
70 247
247 445
4
397 197
197 70
70 247
247 445
366
1
0.0055442672
4
366 169
169 93
93 219
219 417
4
366 169
169 93
93 219
219 417
348
1
94.0260618767
4
348 145
145 50
50 285
285 480
4
348 145
145 50
50 285
285 480
367
1
0.1999224499
4
367 169
169 93
93 129
129 325
4
367 169
169 93
93 129
129 325
373
1
0.2811035434
4
373 171
171 10
10 121
121 327
4
373 171
171 10
10 121
121 327
412
1
97.8318116837
4
412 219
219 90
90 239
239 439
4
412 219
219 90
90 239
239 439
402
1
0.0159215849
4
402 201
201 10
10 171
171 376
4
402 201
201 10
10 171
171 376
364
1
0.0030345471
4
364 169
169 93
93 129
129 328
4
364 169
169 93
93 129
129 328
376
1
0.7603678478
4
376 179
179 90
90 109
109 301
4
376 179
179 90
90 109
109 301
360
1
0.0243335889
4
360 169
169 93
93 219
219 419
4
360 169
169 93
93 219
219 419
478
1
0.0056648461
4
478 276
276 60
60 156
156 352
4
478 276
276 60
60 156
156 352
365
1
0.4045504097
4
365 169
169 93
93 139
139 336
4
365 169
169 93
93 139
139 336
453
1
0.0057452320
4
453 257
257 70
70 287
287 480
4
453 257
257 70
70 287
287 480
362
1
0.0022374666
4
362 169
169 93
93 269
269 465
4
362 169
169 93
93 269
269 465
316
1
0.5643051778
4
316 111
111 10
10 231
231 433
4
316 111
111 10
10 231
231 433
360
1
0.2811035434
4
360 169
169 93
93 119
119 314
4
360 169
169 93
93 119
119 314
448
1
1.3845671420
4
448 244
244 40
40 264
264 465
4
448 244
244 40
40 264
264 465
364
1
0.0548072657
4
364 169
169 93
93 189
189 380
4
364 169
169 93
93 189
189 380
322
1
121.9348937949
4
322 120
120 0
0 180
180 389
4
322 120
120 0
0 180
180 389
369
1
0.0028506054
4
369 169
169 93
93 109
109 306
4
369 169
169 93
93 109
109 306
393
1
16.6424824671
4
393 190
190 0
0 210
210 412
4
393 190
190 0
0 210
210 412
365
1
0.0100953405
4
365 169
169 93
93 179
179 377
4
365 169
169 93
93 179
179 377
329
1
0.6659673030
4
329 123
123 30
30 153
153 351
4
329 123
123 30
30 153
153 351
362
1
0.6078746600
4
362 169
169 93
93 299
299 496
4
362 169
169 93
93 299
299 496
455
1
5.9444346835
4
455 258
258 80
80 168
168 360
4
455 258
258 80
80 168
168 360
367
1
0.0003541031
4
367 169
169 93
93 299
299 497
4
367 169
169 93
93 299
299 497
467
1
0.0044590576
4
467 261
261 10
10 121
121 328
4
467 261
261 10
10 121
121 328
364
1
0.1745786168
4
364 169
169 93
93 289
289 488
4
364 169
169 93
93 289
289 488
490
1
0.0055442672
4
490 294
294 40
40 284
284 483
4
490 294
294 40
40 284
284 483
367
1
0.5425204367
4
367 169
169 93
93 289
289 487
4
367 169
169 93
93 289
289 487
316
1
7.7623995840
4
316 115
115 50
50 225
225 426
4
316 115
115 50
50 225
225 426
366
1
0.0001917595
4
366 169
169 93
93 209
209 403
4
366 169
169 93
93 209
209 403
377
1
40.7455645783
4
377 170
170 0
0 160
160 368
4
377 170
170 0
0 160
160 368
368
1
4.4611042784
4
368 169
169 93
93 259
259 453
4
368 169
169 93
93 259
259 453
462
1
0.0443591479
4
462 265
265 50
50 235
235 439
4
462 265
265 50
50 235
235 439
365
1
0.0064285121
4
365 169
169 93
93 189
189 383
4
365 169
169 93
93 189
189 383
303
1
0.0172407346
4
303 102
102 20
20 242
242 442
4
303 102
102 20
20 242
242 442
362
1
0.0009181335
4
362 169
169 93
93 269
269 462
4
362 169
169 93
93 269
269 462
328
1
0.2252662829
4
328 125
125 50
50 195
195 399
4
328 125
125 50
50 195
195 399
362
1
0.0025849120
4
362 169
169 93
93 199
199 399
4
362 169
169 93
93 199
199 399
374
1
0.2717299769
4
374 174
174 40
40 114
114 312
4
374 174
174 40
40 114
114 312
366
1
0.0077146865
4
366 169
169 93
93 229
229 426
4
366 169
169 93
93 229
229 426
365
1
0.0018663726
4
365 168
168 80
80 228
228 427
4
365 168
168 80
80 228
228 427
368
1
0.0009056566
4
368 169
169 93
93 299
299 492
4
368 169
169 93
93 299
299 492
402
1
0.4989509545
4
402 204
204 40
40 104
104 309
4
402 204
204 40
40 104
104 309
366
1
0.0007987836
4
366 169
169 93
93 159
159 351
4
366 169
169 93
93 159
159 351
479
1
0.1302269089
4
479 277
277 70
70 187
187 384
4
479 277
277 70
70 187
187 384
366
1
0.0007423162
4
366 169
169 93
93 149
149 341
4
366 169
169 93
93 149
149 341
494
1
0.0478418538
4
494 296
296 60
60 146
146 343
4
494 296
296 60
60 146
146 343
361
1
0.0022987805
4
361 169
169 93
93 239
239 439
4
361 169
169 93
93 239
239 439
472
1
12.8367326601
4
472 277
277 70
70 257
257 458
4
472 277
277 70
70 257
257 458
362
1
0.0058658108
4
362 169
169 93
93 139
139 331
4
362 169
169 93
93 139
139 331
363
1
0.0002764605
4
363 168
168 80
80 148
148 344
4
363 168
168 80
80 148
148 344
368
1
0.0046198294
4
368 169
169 93
93 209
209 401
4
368 169
169 93
93 209
209 401
308
1
0.0009430871
4
308 100
100 0
0 180
180 383
4
308 100
100 0
0 180
180 383
460
1
106.7118945668
4
460 265
265 50
50 165
165 369
4
460 265
265 50
50 165
165 369
435
1
63.5800634205
4
435 237
237 70
70 147
147 344
4
435 237
237 70
70 147
147 344
364
1
0.0077146865
4
364 169
169 93
93 249
249 441
4
364 169
169 93
93 249
249 441
400
1
0.1091070480
4
400 204
204 40
40 194
194 392
4
400 204
204 40
40 194
194 392
361
1
3.7469081575
4
361 169
169 93
93 299
299 499
4
361 169
169 93
93 299
299 499
333
1
4.2413516258
4
333 134
134 40
40 214
214 413
4
333 134
134 40
40 214
214 413
361
1
0.0084464034
4
361 169
169 93
93 179
179 375
4
361 169
169 93
93 179
179 375
492
1
0.5425204367
4
492 297
297 70
70 257
257 456
4
492 297
297 70
70 257
257 456
367
1
0.0175705220
4
367 169
169 93
93 289
289 487
4
367 169
169 93
93 289
289 487
302
1
17.9110657361
4
302 102
102 20
20 152
152 352
4
302 102
102 20
20 152
152 352
362
1
0.2956267041
4
362 169
169 93
93 139
139 332
4
362 169
169 93
93 139
139 332
361
1
0.0005870310
4
361 168
168 80
80 268
268 463
4
361 168
168 80
80 268
268 463
423
1
115.5919774499
4
423 221
221 10
10 161
161 360
4
423 221
221 10
10 161
161 360
419
1
0.0016417896
4
419 217
217 70
70 287
287 488
4
419 217
217 70
70 287
287 488
360
1
2.9777738734
4
360 169
169 93
93 109
109 301
4
360 169
169 93
93 109
109 301
301
1
5.5598675415
4
301 109
109 90
90 229
229 426
4
301 109
109 90
90 229
229 426
360
1
0.0039133794
4
360 169
169 93
93 239
239 434
4
360 169
169 93
93 239
239 434
477
1
0.0526305745
4
477 274
274 40
40 224
224 424
4
477 274
274 40
40 224
224 424
367
1
0.0985471175
4
367 169
169 93
93 109
109 306
4
367 169
169 93
93 109
109 306
450
1
0.0417471185
4
450 255
255 50
50 265
265 463
4
450 255
255 50
50 265
265 463
369
1
0.0103151988
4
369 169
169 93
93 249
249 445
4
369 169
169 93
93 249
249 445
438
1
0.0985471175
4
438 235
235 50
50 105
105 303
4
438 235
235 50
50 105
105 303
310
1
97.8318116837
4
310 110
110 0
0 220
220 422
4
310 110
110 0
0 220
220 422
404
1
0.0015544518
4
404 207
207 70
70 287
287 487
4
404 207
207 70
70 287
287 487
360
1
0.0001211753
4
360 169
169 93
93 289
289 482
4
360 169
169 93
93 289
289 482
450
1
0.0026666638
4
450 250
250 0
0 100
100 309
4
450 250
250 0
0 100
100 309
495
1
127.0092268710
4
495 291
291 10
10 201
201 405
4
495 291
291 10
10 201
201 405
449
1
0.0016293128
4
449 242
242 20
20 152
152 355
4
449 242
242 20
20 152
152 355
366
1
0.0022170287
4
366 169
169 93
93 129
129 323
4
366 169
169 93
93 129
129 323
440
1
0.0004105705
4
440 248
248 80
80 238
238 435
4
440 248
248 80
80 238
238 435
362
1
0.6441825619
4
362 169
169 93
93 209
209 406
4
362 169
169 93
93 209
209 406
456
1
6.3839399887
4
456 253
253 30
30 113
113 313
4
456 253
253 30
30 113
113 313
366
1
0.0001282337
4
366 169
169 93
93 229
229 422
4
366 169
169 93
93 229
229 422
415
1
0.0033002406
4
415 218
218 80
80 178
178 375
4
415 218
218 80
80 178
178 375
366
1
0.0019537104
4
366 169
169 93
93 279
279 472
4
366 169
169 93
93 279
279 472
441
1
0.0037703136
4
441 245
245 50
50 105
105 301
4
441 245
245 50
50 105
105 301
368
1
0.2210423108
4
368 169
169 93
93 269
269 465
4
368 169
169 93
93 269
269 465
334
1
0.1619067002
4
334 139
139 90
90 289
289 481
4
334 139
139 90
90 289
289 481
369
1
0.0031162989
4
369 169
169 93
93 199
199 390
4
369 169
169 93
93 199
199 390
374
1
0.0321696772
4
374 172
172 20
20 242
242 444
4
374 172
172 20
20 242
242 444
483
1
44.5513143853
4
483 287
287 70
70 217
217 414
4
483 287
287 70
70 217
217 414
394
1
0.0170208763
4
394 195
195 50
50 245
245 443
4
394 195
195 50
50 245
245 443
364
1
0.4481198919
4
364 169
169 93
93 119
119 311
4
364 169
169 93
93 119
119 311
414
1
0.0062275473
4
414 211
211 10
10 221
221 427
4
414 211
211 10
10 221
221 427
371
1
29.3283151572
4
371 177
177 70
70 297
297 497
4
371 177
177 70
70 297
297 497
415
1
0.1956984777
4
415 211
211 10
10 221
221 427
4
415 211
211 10
10 221
221 427
368
1
0.0001352921
4
368 169
169 93
93 299
299 493
4
368 169
169 93
93 299
299 493
373
1
0.1555707420
4
373 176
176 60
60 216
216 415
4
373 176
176 60
60 216
216 415
360
1
0.0204155447
4
360 169
169 93
93 239
239 439
4
360 169
169 93
93 239
239 439
431
1
0.0066696698
4
431 238
238 80
80 178
178 379
4
431 238
238 80
80 178
178 379
361
1
0.0028301675
4
361 169
169 93
93 239
239 430
4
361 169
169 93
93 239
239 430
338
1
0.0044992505
4
338 138
138 80
80 228
228 428
4
338 138
138 80
80 228
228 428
369
1
0.0208508830
4
369 169
169 93
93 259
259 451
4
369 169
169 93
93 259
259 451
495
1
1.8790106104
4
495 299
299 90
90 229
229 423
4
495 299
299 90
90 229
229 423
365
1
0.0060667756
4
365 169
169 93
93 229
229 427
4
365 169
169 93
93 229
229 427
431
1
5.9444346835
4
431 237
237 70
70 267
267 466
4
431 237
237 70
70 267
267 466
365
1
0.0003541031
4
365 169
169 93
93 279
279 472
4
365 169
169 93
93 279
279 472
487
1
0.0076343006
4
487 285
285 50
50 275
275 472
4
487 285
285 50
50 275
275 472
362
1
0.0002552852
4
362 169
169 93
93 179
179 377
4
362 169
169 93
93 179
179 377
418
1
0.0027075397
4
418 214
214 40
40 274
274 471
4
418 214
214 40
40 274
274 471
366
1
0.0019038030
4
366 169
169 93
93 219
219 413
4
366 169
169 93
93 219
219 413
487
1
0.0010928091
4
487 284
284 40
40 124
124 321
4
487 284
284 40
40 124
124 321
366
1
0.0026666638
4
366 169
169 93
93 259
259 458
4
366 169
169 93
93 259
259 458
339
1
0.3900272489
4
339 135
135 50
50 175
175 370
4
339 135
135 50
50 175
175 370
369
1
0.6659673030
4
369 169
169 93
93 279
279 472
4
369 169
169 93
93 279
279 472
439
1
0.0060265826
4
439 232
232 20
20 162
162 361
4
439 232
232 20
20 162
162 361
368
1
0.0089960491
4
368 169
169 93
93 179
179 371
4
368 169
169 93
93 179
179 371
359
1
0.0188896717
4
359 153
153 30
30 103
103 306
4
359 153
153 30
30 103
103 306
364
1
0.1196669784
4
364 169
169 93
93 219
219 417
4
364 169
169 93
93 219
219 417
437
1
0.0004599794
4
437 234
234 40
40 124
124 327
4
437 234
234 40
40 124
124 327
361
1
0.0007776083
4
361 169
169 93
93 269
269 469
4
361 169
169 93
93 269
269 469
342
1
0.0578546334
4
342 144
144 40
40 294
294 490
4
342 144
144 40
40 294
294 490
360
1
0.0019412335
4
360 169
169 93
93 269
269 467
4
360 169
169 93
93 269
269 467
303
1
0.0004529210
4
303 109
109 90
90 239
239 434
4
303 109
109 90
90 239
239 434
363
1
0.6950136245
4
363 169
169 93
93 109
109 303
4
363 169
169 93
93 109
109 303
432
1
2.9228357103
4
432 234
234 40
40 244
244 447
4
432 234
234 40
40 244
244 447
368
1
0.7095367852
4
368 169
169 93
93 259
259 454
4
368 169
169 93
93 259
259 454
450
1
0.0005235052
4
450 250
250 0
0 210
210 415
4
450 250
250 0
0 210
210 415
367
1
0.0005023299
4
367 169
169 93
93 109
109 301
4
367 169
169 93
93 109
109 301
332
1
45.8198976543
4
332 133
133 30
30 163
163 366
4
332 133
133 30
30 163
163 366
499
1
30.5968984262
4
499 291
291 10
10 121
121 327
4
499 291
291 10
10 121
121 327
344
1
0.1069950619
4
344 146
146 60
60 266
266 461
4
344 146
146 60
60 266
266 461
363
1
0.0689793123
4
363 169
169 93
93 209
209 405
4
363 169
169 93
93 209
209 405
444
1
0.0837632149
4
444 248
248 80
80 138
138 333
4
444 248
248 80
80 138
138 333
365
1
1.2197526526
4
365 169
169 93
93 199
199 397
4
365 169
169 93
93 199
199 397
465
1
0.0010179481
4
465 260
260 0
0 170
170 375
4
465 260
260 0
0 170
170 375
361
1
0.8910762945
4
361 169
169 93
93 279
279 475
4
361 169
169 93
93 279
279 475
306
1
3.8567844838
4
306 106
106 60
60 276
276 474
4
306 106
106 60
60 276
276 474
361
1
0.3101498649
4
361 169
169 93
93 149
149 341
4
361 169
169 93
93 149
149 341
375
1
64.8486466895
4
375 179
179 90
90 249
249 445
4
375 179
179 90
90 249
249 445
368
1
0.0042178998
4
368 169
169 93
93 139
139 339
4
368 169
169 93
93 139
139 339
462
1
0.0017291274
4
462 262
262 20
20 182
182 385
4
462 262
262 20
20 182
182 385
365
1
0.2083703942
4
365 169
169 93
93 239
239 434
4
365 169
169 93
93 239
239 434
330
1
0.0114144902
4
330 131
131 10
10 191
191 398
4
330 131
131 10
10 191
191 398
360
1
0.0011801469
4
360 169
169 93
93 139
139 333
4
360 169
169 93
93 139
139 333
383
1
3.8567844838
4
383 187
187 70
70 207
207 408
4
383 187
187 70
70 207
207 408
364
1
0.1788025890
4
364 169
169 93
93 199
199 397
4
364 169
169 93
93 199
199 397
415
1
87.6831455316
4
415 217
217 70
70 227
227 421
4
415 217
217 70
70 227
227 421
363
1
0.0001141168
4
363 169
169 93
93 289
289 488
4
363 169
169 93
93 289
289 488
390
1
0.0009306103
4
390 199
199 90
90 259
259 452
4
390 199
199 90
90 259
259 452
368
1
0.0035659340
4
368 169
169 93
93 199
199 391
4
368 169
169 93
93 199
199 391
430
1
0.0009555640
4
430 231
231 10
10 141
141 346
4
430 231
231 10
10 141
141 346
364
1
0.0079960371
4
364 169
169 93
93 209
209 405
4
364 169
169 93
93 209
209 405
355
1
4.8456714205
4
355 152
152 20
20 262
262 469
4
355 152
152 20
20 262
262 469
364
1
0.0005446805
4
364 169
169 93
93 199
199 392
4
364 169
169 93
93 199
199 392
430
1
0.4771662134
4
430 235
235 50
50 195
195 397
4
430 235
235 50
50 195
195 397
367
1
0.0038520655
4
367 169
169 93
93 249
249 448
4
367 169
169 93
93 249
249 448
362
1
0.0002623437
4
362 168
168 80
80 278
278 471
4
362 168
168 80
80 278
278 471
365
1
4.9006095837
4
365 169
169 93
93 249
249 449
4
365 169
169 93
93 249
249 449
