6
368
39
1
0.0017790347
4
39 21
21 2
2 9
9 27
4
39 21
21 2
2 9
9 27
39
1
0.0018039884
4
39 23
23 8
8 26
26 43
4
39 23
23 8
8 26
26 43
41
1
0.0001847010
4
41 21
21 2
2 18
18 38
4
41 21
21 2
2 18
18 38
39
1
0.0008058420
4
39 23
23 8
8 14
14 31
4
39 23
23 8
8 14
14 31
39
1
0.0189996009
4
39 21
21 2
2 15
15 35
4
39 21
21 2
2 15
15 35
41
1
0.1661306724
4
41 23
23 8
8 11
11 28
4
41 23
23 8
8 11
11 28
41
1
0.0035659340
4
41 21
21 2
2 18
18 38
4
41 21
21 2
2 18
18 38
41
1
0.0004740963
4
41 23
23 8
8 17
17 35
4
41 23
23 8
8 17
17 35
41
1
0.0048609871
4
41 21
21 2
2 18
18 37
4
41 21
21 2
2 18
18 37
41
1
132.0835599470
4
41 23
23 8
8 26
26 42
4
41 21
21 2
2 9
9 29
40
1
0.0056648461
4
40 21
21 2
2 9
9 27
4
40 21
21 2
2 9
9 27
41
1
0.0011177628
4
41 23
23 8
8 14
14 30
4
41 23
23 8
8 14
14 30
39
1
0.0004952715
4
39 21
21 2
2 15
15 33
4
39 21
21 2
2 15
15 33
40
1
0.0569839569
4
40 23
23 8
8 20
20 36
4
40 23
23 8
8 20
20 36
39
1
0.2337142273
4
39 21
21 2
2 24
24 43
4
39 21
21 2
2 24
24 43
40
1
0.4626430526
4
40 23
23 8
8 11
11 28
4
40 23
23 8
8 11
11 28
39
1
0.0143825770
4
39 21
21 2
2 18
18 36
4
39 21
21 2
2 18
18 36
39
1
0.0007070241
4
39 23
23 8
8 26
26 42
4
39 23
23 8
8 26
26 42
40
1
0.4045504097
4
40 21
21 2
2 12
12 32
4
40 21
21 2
2 12
12 32
39
1
0.0330403537
4
39 23
23 8
8 11
11 28
4
39 23
23 8
8 11
11 28
40
1
0.8039373300
4
40 21
21 2
2 15
15 35
4
40 21
21 2
2 15
15 35
39
1
0.7313215263
4
39 23
23 8
8 20
20 37
4
39 23
23 8
8 20
20 37
41
1
0.0018289421
4
41 21
21 2
2 15
15 35
4
41 21
21 2
2 15
15 35
39
1
76.2658961106
4
39 23
23 8
8 11
11 28
4
39 23
23 8
8 11
11 28
41
1
0.0017291274
4
41 21
21 2
2 15
15 34
4
41 21
21 2
2 15
15 34
41
1
0.0044188646
4
41 23
23 8
8 26
26 44
4
41 23
23 8
8 26
26 44
41
1
0.0010803323
4
41 21
21 2
2 12
12 31
4
41 21
21 2
2 12
12 31
41
1
0.7385831067
4
41 23
23 8
8 17
17 34
4
41 23
23 8
8 17
17 34
41
1
0.2675060047
4
41 21
21 2
2 9
9 29
4
41 21
21 2
2 9
9 29
40
1
0.9201226159
4
40 23
23 8
8 26
26 42
4
40 23
23 8
8 26
26 42
41
1
0.0985471175
4
41 21
21 2
2 18
18 37
4
41 21
21 2
2 18
18 37
39
1
0.0025644740
4
39 23
23 8
8 20
20 38
4
39 23
23 8
8 20
20 38
40
1
0.0019537104
4
40 21
21 2
2 24
24 44
4
40 21
21 2
2 24
24 44
40
1
0.0417471185
4
40 23
23 8
8 17
17 33
4
40 23
23 8
8 17
17 33
40
1
0.0027279777
4
40 21
21 2
2 12
12 30
4
40 21
21 2
2 12
12 30
41
1
6.1092491730
4
41 23
23 8
8 26
26 44
4
41 23
23 8
8 26
26 44
39
1
0.0066696698
4
39 21
21 2
2 24
24 44
4
39 21
21 2
2 24
24 44
40
1
0.2548340882
4
40 23
23 8
8 11
11 27
4
40 23
23 8
8 11
11 27
40
1
0.0184499552
4
40 21
21 2
2 12
12 30
4
40 21
21 2
2 12
12 30
41
1
1.5493816315
4
41 23
23 8
8 14
14 32
4
41 23
23 8
8 14
14 32
41
1
0.4408583115
4
41 21
21 2
2 9
9 28
4
41 21
21 2
2 9
9 28
41
1
1.2746908158
4
41 23
23 8
8 26
26 43
4
41 23
23 8
8 26
26 43
41
1
0.0155917975
4
41 21
21 2
2 15
15 34
4
41 21
21 2
2 15
15 34
41
1
0.0040564451
4
41 23
23 8
8 17
17 33
4
41 23
23 8
8 17
17 33
39
1
0.2811035434
4
39 21
21 2
2 24
24 43
4
39 21
21 2
2 24
24 43
40
1
0.0015294981
4
40 23
23 8
8 26
26 43
4
40 23
23 8
8 26
26 43
41
1
0.0018913262
4
41 21
21 2
2 9
9 28
4
41 21
21 2
2 9
9 28
41
1
0.0036068100
4
41 23
23 8
8 20
20 36
4
41 23
23 8
8 20
20 36
39
1
120.6663105259
4
39 21
21 2
2 15
15 34
4
39 21
21 2
2 15
15 34
40
1
6.4938163150
4
40 23
23 8
8 14
14 31
4
40 23
23 8
8 14
14 31
41
1
0.0126237107
4
41 21
21 2
2 24
24 43
4
41 21
21 2
2 24
24 43
40
1
115.5919774499
4
40 23
23 8
8 14
14 30
4
40 23
23 8
8 14
14 30
40
1
3.8567844838
4
40 21
21 2
2 9
9 29
4
40 21
21 2
2 9
9 29
40
1
0.2104823803
4
40 23
23 8
8 17
17 33
4
40 23
23 8
8 17
17 33
39
1
109.2490611048
4
39 21
21 2
2 15
15 34
4
39 21
21 2
2 15
15 34
39
1
0.0795392427
4
39 23
23 8
8 14
14 31
4
39 23
23 8
8 14
14 31
41
1
0.0006293815
4
41 21
21 2
2 15
15 35
4
41 21
21 2
2 15
15 35
40
1
0.0013423457
4
40 23
23 8
8 26
26 42
4
40 23
23 8
8 26
26 42
40
1
0.0028301675
4
40 21
21 2
2 12
12 31
4
40 21
21 2
2 12
12 31
40
1
0.2358262134
4
40 23
23 8
8 14
14 31
4
40 23
23 8
8 14
14 31
41
1
0.9927384196
4
41 21
21 2
2 18
18 38
4
41 21
21 2
2 18
18 38
40
1
0.1175549923
4
40 23
23 8
8 20
20 36
4
40 23
23 8
8 20
20 36
39
1
0.0119641359
4
39 21
21 2
2 15
15 35
4
39 21
21 2
2 15
15 35
40
1
0.0326050154
4
40 23
23 8
8 11
11 27
4
40 23
23 8
8 11
11 27
40
1
35.6712315022
4
40 21
21 2
2 15
15 34
4
40 21
21 2
2 15
15 34
41
1
0.0079558442
4
41 23
23 8
8 17
17 34
4
41 23
23 8
8 17
17 34
39
1
121.9348937949
4
39 21
21 2
2 18
18 36
4
39 21
21 2
2 18
18 36
39
1
0.0386997508
4
39 23
23 8
8 17
17 33
4
39 23
23 8
8 17
17 33
40
1
0.0500185450
4
40 21
21 2
2 24
24 43
4
40 21
21 2
2 24
24 43
41
1
0.0295576478
4
41 23
23 8
8 14
14 32
4
41 23
23 8
8 14
14 32
41
1
0.0595959863
4
41 21
21 2
2 24
24 43
4
41 21
21 2
2 24
24 43
39
1
0.0143825770
4
39 23
23 8
8 20
20 38
4
39 23
23 8
8 20
20 38
39
1
0.0008682261
4
39 21
21 2
2 9
9 27
4
39 21
21 2
2 9
9 27
40
1
28.0597318882
4
40 23
23 8
8 17
17 35
4
40 23
23 8
8 17
17 35
40
1
0.0032389267
4
40 21
21 2
2 12
12 32
4
40 21
21 2
2 12
12 32
41
1
0.9273841963
4
41 23
23 8
8 14
14 32
4
41 23
23 8
8 14
14 32
39
1
0.0007281994
4
39 21
21 2
2 15
15 33
4
39 21
21 2
2 15
15 33
39
1
0.0018164652
4
39 23
23 8
8 20
20 37
4
39 23
23 8
8 20
20 37
41
1
0.0058658108
4
41 21
21 2
2 9
9 27
4
41 21
21 2
2 9
9 27
39
1
0.0017665579
4
39 23
23 8
8 14
14 31
4
39 23
23 8
8 14
14 31
40
1
0.0195448682
4
40 21
21 2
2 24
24 44
4
40 21
21 2
2 24
24 44
39
1
0.9854768393
4
39 23
23 8
8 26
26 43
4
39 23
23 8
8 26
26 43
39
1
0.0010054713
4
39 21
21 2
2 9
9 29
4
39 21
21 2
2 9
9 29
41
1
0.0121839942
4
41 23
23 8
8 17
17 34
4
41 23
23 8
8 17
17 34
39
1
0.0001564674
4
39 21
21 2
2 12
12 32
4
39 21
21 2
2 12
12 32
41
1
0.0018039884
4
41 23
23 8
8 17
17 33
4
41 23
23 8
8 17
17 33
39
1
0.5933514993
4
39 21
21 2
2 12
12 30
4
39 21
21 2
2 12
12 30
39
1
0.0150421518
4
39 23
23 8
8 20
20 37
4
39 23
23 8
8 20
20 37
39
1
0.0039542553
4
39 21
21 2
2 24
24 43
4
39 21
21 2
2 24
24 43
41
1
0.0152620101
4
41 23
23 8
8 17
17 35
4
41 23
23 8
8 17
17 35
40
1
0.0434884714
4
40 21
21 2
2 24
24 43
4
40 21
21 2
2 24
24 43
39
1
47.0884809233
4
39 23
23 8
8 14
14 32
4
39 23
23 8
8 14
14 32
41
1
0.0025440360
4
41 21
21 2
2 9
9 28
4
41 21
21 2
2 9
9 28
39
1
0.0089960491
4
39 23
23 8
8 11
11 29
4
39 23
23 8
8 11
11 29
39
1
0.0129534982
4
39 21
21 2
2 12
12 31
4
39 21
21 2
2 12
12 31
40
1
0.4626430526
4
40 23
23 8
8 20
20 36
4
40 23
23 8
8 20
20 36
39
1
0.0187797426
4
39 21
21 2
2 24
24 43
4
39 21
21 2
2 24
24 43
39
1
57.2371470754
4
39 23
23 8
8 20
20 36
4
39 23
23 8
8 20
20 36
40
1
88.9517288007
4
40 21
21 2
2 24
24 42
4
40 21
21 2
2 24
24 42
40
1
0.0022783426
4
40 23
23 8
8 20
20 36
4
40 23
23 8
8 20
20 36
39
1
0.8547683926
4
39 21
21 2
2 18
18 36
4
39 21
21 2
2 18
18 36
39
1
0.0334756919
4
39 23
23 8
8 11
11 27
4
39 23
23 8
8 11
11 27
40
1
0.0007070241
4
40 21
21 2
2 9
9 28
4
40 21
21 2
2 9
9 28
41
1
0.2252662829
4
41 23
23 8
8 20
20 38
4
41 23
23 8
8 20
20 38
40
1
0.0003258694
4
40 21
21 2
2 15
15 33
4
40 21
21 2
2 15
15 33
39
1
14.1053159291
4
39 23
23 8
8 14
14 31
4
39 23
23 8
8 14
14 31
41
1
0.0097655531
4
41 21
21 2
2 9
9 29
4
41 21
21 2
2 9
9 29
41
1
14.1053159291
4
41 23
23 8
8 20
20 37
4
41 23
23 8
8 20
20 37
41
1
0.8039373300
4
41 21
21 2
2 9
9 28
4
41 21
21 2
2 9
9 28
39
1
0.1640186863
4
39 23
23 8
8 17
17 33
4
39 23
23 8
8 17
17 33
41
1
11.5681493910
4
41 21
21 2
2 12
12 30
4
41 21
21 2
2 12
12 30
41
1
0.0099854114
4
41 23
23 8
8 20
20 36
4
41 23
23 8
8 20
20 36
39
1
0.0356523831
4
39 21
21 2
2 15
15 34
4
39 21
21 2
2 15
15 34
40
1
0.0007352578
4
40 23
23 8
8 20
20 36
4
40 23
23 8
8 20
20 36
39
1
0.0012674847
4
39 21
21 2
2 15
15 34
4
39 21
21 2
2 15
15 34
40
1
0.0016542664
4
40 23
23 8
8 14
14 30
4
40 23
23 8
8 14
14 30
40
1
0.0299929860
4
40 21
21 2
2 18
18 36
4
40 21
21 2
2 18
18 36
41
1
0.0177903803
4
41 23
23 8
8 20
20 37
4
41 23
23 8
8 20
20 37
41
1
0.0026666638
4
41 21
21 2
2 15
15 35
4
41 21
21 2
2 15
15 35
39
1
74.9973128415
4
39 23
23 8
8 14
14 31
4
39 23
23 8
8 14
14 31
40
1
0.0067500557
4
40 21
21 2
2 15
15 33
4
40 21
21 2
2 15
15 33
39
1
0.0037294377
4
39 23
23 8
8 11
11 29
4
39 23
23 8
8 11
11 29
41
1
0.0045394434
4
41 21
21 2
2 9
9 28
4
41 21
21 2
2 9
9 28
39
1
0.0069912134
4
39 23
23 8
8 20
20 36
4
39 23
23 8
8 20
20 36
41
1
0.0508892215
4
41 21
21 2
2 15
15 33
4
41 21
21 2
2 15
15 33
39
1
0.0005164468
4
39 23
23 8
8 20
20 36
4
39 23
23 8
8 20
20 36
40
1
0.0347817066
4
40 21
21 2
2 9
9 29
4
40 21
21 2
2 9
9 29
39
1
0.0330403537
4
39 23
23 8
8 26
26 43
4
39 23
23 8
8 26
26 43
39
1
0.8329836515
4
39 21
21 2
2 18
18 38
4
39 21
21 2
2 18
18 38
41
1
0.0002341100
4
41 23
23 8
8 14
14 30
4
41 23
23 8
8 14
14 30
40
1
0.0006717320
4
40 21
21 2
2 15
15 34
4
40 21
21 2
2 15
15 34
39
1
0.0036885618
4
39 23
23 8
8 17
17 35
4
39 23
23 8
8 17
17 35
39
1
0.1978104638
4
39 21
21 2
2 18
18 38
4
39 21
21 2
2 18
18 38
40
1
0.0408764420
4
40 23
23 8
8 20
20 37
4
40 23
23 8
8 20
20 37
39
1
0.0177903803
4
39 21
21 2
2 18
18 38
4
39 21
21 2
2 18
18 38
40
1
0.0020285713
4
40 23
23 8
8 11
11 28
4
40 23
23 8
8 11
11 28
41
1
4.9006095837
4
41 21
21 2
2 24
24 42
4
41 21
21 2
2 24
24 42
39
1
113.0548109118
4
39 23
23 8
8 17
17 35
4
39 23
23 8
8 17
17 35
39
1
35.6712315022
4
39 21
21 2
2 18
18 36
4
39 21
21 2
2 18
18 36
39
1
0.0008432725
4
39 23
23 8
8 26
26 42
4
39 23
23 8
8 26
26 42
41
1
0.0010429018
4
41 21
21 2
2 15
15 34
4
41 21
21 2
2 15
15 34
39
1
0.0159215849
4
39 23
23 8
8 17
17 34
4
39 23
23 8
8 17
17 34
39
1
6.1641873361
4
39 21
21 2
2 18
18 37
4
39 21
21 2
2 18
18 37
41
1
45.8198976543
4
41 23
23 8
8 11
11 27
4
41 23
23 8
8 11
11 27
40
1
0.1999224499
4
40 21
21 2
2 18
18 37
4
40 21
21 2
2 18
18 37
41
1
0.0008307957
4
41 23
23 8
8 20
20 37
4
41 23
23 8
8 20
20 37
39
1
0.0013173920
4
39 21
21 2
2 18
18 37
4
39 21
21 2
2 18
18 37
39
1
0.0011052859
4
39 23
23 8
8 17
17 35
4
39 23
23 8
8 17
17 35
40
1
1.5493816315
4
40 21
21 2
2 15
15 34
4
40 21
21 2
2 15
15 34
41
1
0.0016168360
4
41 23
23 8
8 17
17 34
4
41 23
23 8
8 17
17 34
39
1
1.0000000000
4
39 21
21 2
2 15
15 35
4
39 21
21 2
2 15
15 35
41
1
4.7357950942
4
41 23
23 8
8 11
11 27
4
41 23
23 8
8 11
11 27
40
1
0.0039951312
4
40 21
21 2
2 12
12 32
4
40 21
21 2
2 12
12 32
39
1
47.0884809233
4
39 23
23 8
8 17
17 33
4
39 23
23 8
8 17
17 33
40
1
0.0008807030
4
40 21
21 2
2 24
24 43
4
40 21
21 2
2 24
24 43
40
1
0.0217215594
4
40 23
23 8
8 20
20 37
4
40 23
23 8
8 20
20 37
40
1
0.0133932147
4
40 21
21 2
2 24
24 42
4
40 21
21 2
2 24
24 42
40
1
0.0024827222
4
40 23
23 8
8 14
14 32
4
40 23
23 8
8 14
14 32
40
1
0.0032593646
4
40 21
21 2
2 15
15 33
4
40 21
21 2
2 15
15 33
41
1
0.8983378748
4
41 23
23 8
8 14
14 32
4
41 23
23 8
8 14
14 32
39
1
3.9666608101
4
39 21
21 2
2 15
15 35
4
39 21
21 2
2 15
15 35
40
1
4.9006095837
4
40 23
23 8
8 26
26 42
4
40 23
23 8
8 26
26 42
40
1
0.0058658108
4
40 21
21 2
2 9
9 28
4
40 21
21 2
2 9
9 28
39
1
0.2811035434
4
39 23
23 8
8 11
11 27
4
39 23
23 8
8 11
11 27
41
1
0.0002199931
4
41 21
21 2
2 9
9 28
4
41 21
21 2
2 9
9 28
41
1
0.0004388042
4
41 23
23 8
8 14
14 31
4
41 23
23 8
8 14
14 31
41
1
0.1407868393
4
41 21
21 2
2 24
24 44
4
41 21
21 2
2 24
24 44
40
1
2.7580212208
4
40 23
23 8
8 17
17 35
4
40 23
23 8
8 17
17 35
39
1
0.0535012510
4
39 21
21 2
2 24
24 42
4
39 21
21 2
2 24
24 42
40
1
0.0039951312
4
40 23
23 8
8 17
17 35
4
40 23
23 8
8 17
17 35
41
1
0.0066696698
4
41 21
21 2
2 12
12 32
4
41 21
21 2
2 12
12 32
41
1
0.0278162948
4
41 23
23 8
8 17
17 33
4
41 23
23 8
8 17
17 33
41
1
0.0033615544
4
41 21
21 2
2 9
9 28
4
41 21
21 2
2 9
9 28
39
1
0.0072725641
4
39 23
23 8
8 20
20 38
4
39 23
23 8
8 20
20 38
39
1
0.0517598980
4
39 21
21 2
2 15
15 34
4
39 21
21 2
2 15
15 34
41
1
0.0005235052
4
41 23
23 8
8 26
26 42
4
41 23
23 8
8 26
26 42
40
1
0.0004458626
4
40 21
21 2
2 9
9 27
4
40 21
21 2
2 9
9 27
39
1
0.0036272479
4
39 23
23 8
8 17
17 33
4
39 23
23 8
8 17
17 33
41
1
0.1154430063
4
41 21
21 2
2 9
9 27
4
41 21
21 2
2 9
9 27
41
1
0.0007776083
4
41 23
23 8
8 20
20 38
4
41 23
23 8
8 20
20 38
41
1
0.3537193471
4
41 21
21 2
2 15
15 33
4
41 21
21 2
2 15
15 33
39
1
0.0005658557
4
39 23
23 8
8 26
26 44
4
39 23
23 8
8 26
26 44
41
1
4.9555477468
4
41 21
21 2
2 9
9 28
4
41 21
21 2
2 9
9 28
40
1
0.0111946319
4
40 23
23 8
8 17
17 33
4
40 23
23 8
8 17
17 33
39
1
0.0622080158
4
39 21
21 2
2 9
9 27
4
39 21
21 2
2 9
9 27
41
1
0.0061873544
4
41 23
23 8
8 11
11 29
4
41 23
23 8
8 11
11 29
41
1
0.0356523831
4
41 21
21 2
2 24
24 44
4
41 21
21 2
2 24
24 44
40
1
0.0465358391
4
40 23
23 8
8 26
26 44
4
40 23
23 8
8 26
26 44
41
1
0.0487125303
4
41 21
21 2
2 24
24 43
4
41 21
21 2
2 24
24 43
40
1
0.0373937361
4
40 23
23 8
8 14
14 30
4
40 23
23 8
8 14
14 30
41
1
0.0122939233
4
41 21
21 2
2 24
24 42
4
41 21
21 2
2 24
24 42
39
1
0.7894141693
4
39 23
23 8
8 26
26 44
4
39 23
23 8
8 26
26 44
39
1
0.0056648461
4
39 21
21 2
2 12
12 30
4
39 21
21 2
2 12
12 30
40
1
0.0008557493
4
40 23
23 8
8 17
17 35
4
40 23
23 8
8 17
17 35
41
1
5.7246820309
4
41 21
21 2
2 12
12 31
4
41 21
21 2
2 12
12 31
41
1
0.0009056566
4
41 23
23 8
8 17
17 33
4
41 23
23 8
8 17
17 33
39
1
0.0500185450
4
39 21
21 2
2 18
18 36
4
39 21
21 2
2 18
18 36
41
1
0.0093258365
4
41 23
23 8
8 20
20 37
4
41 23
23 8
8 20
20 37
40
1
0.0487125303
4
40 21
21 2
2 12
12 30
4
40 21
21 2
2 12
12 30
41
1
2.7030830576
4
41 23
23 8
8 26
26 44
4
41 23
23 8
8 26
26 44
40
1
0.2104823803
4
40 21
21 2
2 24
24 44
4
40 21
21 2
2 24
24 44
39
1
0.0014795908
4
39 23
23 8
8 26
26 43
4
39 23
23 8
8 26
26 43
40
1
0.2210423108
4
40 21
21 2
2 15
15 35
4
40 21
21 2
2 15
15 35
41
1
0.0144925061
4
41 23
23 8
8 17
17 33
4
41 23
23 8
8 17
17 33
39
1
0.0120740650
4
39 21
21 2
2 15
15 34
4
39 21
21 2
2 15
15 34
40
1
0.0114144902
4
40 23
23 8
8 17
17 35
4
40 23
23 8
8 17
17 35
40
1
0.8039373300
4
40 21
21 2
2 12
12 32
4
40 21
21 2
2 12
12 32
40
1
0.0051021447
4
40 23
23 8
8 20
20 38
4
40 23
23 8
8 20
20 38
40
1
0.4263351508
4
40 21
21 2
2 24
24 44
4
40 21
21 2
2 24
24 44
41
1
3.8018463207
4
41 23
23 8
8 26
26 42
4
41 23
23 8
8 26
26 42
41
1
0.0048609871
4
41 21
21 2
2 18
18 37
4
41 21
21 2
2 18
18 37
39
1
0.0045796364
4
39 23
23 8
8 17
17 33
4
39 23
23 8
8 17
17 33
41
1
129.5463934090
4
41 21
21 2
2 24
24 43
4
41 23
23 8
8 20
20 36
40
1
0.0040564451
4
40 23
23 8
8 17
17 33
4
40 23
23 8
8 17
17 33
41
1
0.3827656686
4
41 21
21 2
2 15
15 34
4
41 21
21 2
2 15
15 34
39
1
86.4145622626
4
39 23
23 8
8 14
14 30
4
39 23
23 8
8 14
14 30
39
1
0.0001211753
4
39 21
21 2
2 12
12 31
4
39 21
21 2
2 12
12 31
39
1
0.0053433025
4
39 23
23 8
8 26
26 44
4
39 23
23 8
8 26
26 44
41
1
1.2746908158
4
41 21
21 2
2 15
15 34
4
41 21
21 2
2 15
15 34
40
1
0.0054236884
4
40 23
23 8
8 11
11 28
4
40 23
23 8
8 11
11 28
40
1
0.0008682261
4
40 21
21 2
2 12
12 32
4
40 21
21 2
2 12
12 32
41
1
0.0140527896
4
41 23
23 8
8 20
20 38
4
41 23
23 8
8 20
20 38
40
1
0.0191095300
4
40 21
21 2
2 18
18 36
4
40 21
21 2
2 18
18 36
33
1
120.6663105259
4
33 16
16 3
3 19
19 36
4
33 16
16 3
3 19
19 36
41
1
0.0017790347
4
41 21
21 2
2 15
15 34
4
41 21
21 2
2 15
15 34
39
1
0.0024009703
4
39 23
23 8
8 26
26 44
4
39 23
23 8
8 26
26 44
41
1
0.0163613015
4
41 21
21 2
2 18
18 36
4
41 21
21 2
2 18
18 36
40
1
0.0005517389
4
40 23
23 8
8 20
20 37
4
40 23
23 8
8 20
20 37
41
1
0.0154818684
4
41 21
21 2
2 18
18 36
4
41 21
21 2
2 18
18 36
39
1
0.0943231453
4
39 23
23 8
8 20
20 38
4
39 23
23 8
8 20
20 38
41
1
0.0007776083
4
41 21
21 2
2 18
18 37
4
41 21
21 2
2 18
18 37
40
1
0.0035046202
4
40 23
23 8
8 11
11 28
4
40 23
23 8
8 11
11 28
39
1
0.0027892916
4
39 21
21 2
2 12
12 31
4
39 21
21 2
2 12
12 31
40
1
0.0051021447
4
40 23
23 8
8 26
26 44
4
40 23
23 8
8 26
26 44
39
1
0.8257220711
4
39 21
21 2
2 18
18 37
4
39 21
21 2
2 18
18 37
39
1
0.8475068122
4
39 23
23 8
8 26
26 44
4
39 23
23 8
8 26
26 44
41
1
0.0005093884
4
41 21
21 2
2 18
18 37
4
41 21
21 2
2 18
18 37
41
1
0.0066696698
4
41 23
23 8
8 26
26 43
4
41 23
23 8
8 26
26 43
39
1
0.0900991732
4
39 21
21 2
2 15
15 33
4
39 21
21 2
2 15
15 33
40
1
83.8773957246
4
40 23
23 8
8 20
20 38
4
40 23
23 8
8 20
20 38
39
1
4.8456714205
4
39 21
21 2
2 12
12 30
4
39 21
21 2
2 12
12 30
41
1
0.2883651237
4
41 23
23 8
8 20
20 37
4
41 23
23 8
8 20
20 37
39
1
0.0465358391
4
39 21
21 2
2 24
24 44
4
39 21
21 2
2 24
24 44
41
1
0.3609809274
4
41 23
23 8
8 26
26 42
4
41 23
23 8
8 26
26 42
40
1
0.0065490910
4
40 21
21 2
2 12
12 32
4
40 21
21 2
2 12
12 32
41
1
0.0373937361
4
41 23
23 8
8 17
17 34
4
41 23
23 8
8 17
17 34
39
1
0.0169109472
4
39 21
21 2
2 12
12 32
4
39 21
21 2
2 12
12 32
39
1
0.0191095300
4
39 23
23 8
8 14
14 32
4
39 23
23 8
8 14
14 32
39
1
0.1217789645
4
39 21
21 2
2 9
9 28
4
39 21
21 2
2 9
9 28
40
1
0.0004811547
4
40 23
23 8
8 14
14 32
4
40 23
23 8
8 14
14 32
41
1
0.0100953405
4
41 21
21 2
2 9
9 27
4
41 21
21 2
2 9
9 27
39
1
0.2421621717
4
39 23
23 8
8 20
20 37
4
39 23
23 8
8 20
20 37
40
1
0.1597947141
4
40 21
21 2
2 18
18 37
4
40 21
21 2
2 18
18 37
40
1
2.4283922419
4
40 23
23 8
8 11
11 28
4
40 23
23 8
8 11
11 28
39
1
35.6712315022
4
39 21
21 2
2 12
12 31
4
39 21
21 2
2 12
12 31
41
1
0.0256396036
4
41 23
23 8
8 17
17 35
4
41 23
23 8
8 17
17 35
40
1
0.0038929414
4
40 21
21 2
2 12
12 31
4
40 21
21 2
2 12
12 31
39
1
0.0234629124
4
39 23
23 8
8 11
11 29
4
39 23
23 8
8 11
11 29
40
1
0.0022374666
4
40 21
21 2
2 15
15 33
4
40 21
21 2
2 15
15 33
40
1
0.0113045611
4
40 23
23 8
8 20
20 37
4
40 23
23 8
8 20
20 37
39
1
0.0543719274
4
39 21
21 2
2 9
9 29
4
39 21
21 2
2 9
9 29
39
1
0.0013423457
4
39 23
23 8
8 11
11 28
4
39 23
23 8
8 11
11 28
39
1
0.0005729141
4
39 21
21 2
2 15
15 33
4
39 21
21 2
2 15
15 33
40
1
0.1513467698
4
40 23
23 8
8 26
26 42
4
40 23
23 8
8 26
26 42
39
1
0.0004176289
4
39 21
21 2
2 18
18 37
4
39 21
21 2
2 18
18 37
41
1
0.0023192185
4
41 23
23 8
8 20
20 37
4
41 23
23 8
8 20
20 37
39
1
0.0031162989
4
39 21
21 2
2 18
18 38
4
39 21
21 2
2 18
18 38
39
1
0.0347817066
4
39 23
23 8
8 14
14 32
4
39 23
23 8
8 14
14 32
41
1
0.0040973210
4
41 21
21 2
2 15
15 34
4
41 21
21 2
2 15
15 34
39
1
0.0026053499
4
39 23
23 8
8 20
20 36
4
39 23
23 8
8 20
20 36
39
1
0.0094357657
4
39 21
21 2
2 15
15 33
4
39 21
21 2
2 15
15 33
41
1
0.0002835189
4
41 23
23 8
8 20
20 36
4
41 23
23 8
8 20
20 36
41
1
0.0006152647
4
41 21
21 2
2 15
15 33
4
41 21
21 2
2 15
15 33
41
1
0.0535012510
4
41 23
23 8
8 20
20 38
4
41 23
23 8
8 20
20 38
41
1
0.0042982858
4
41 21
21 2
2 18
18 37
4
41 21
21 2
2 18
18 37
40
1
0.0041375140
4
40 23
23 8
8 14
14 30
4
40 23
23 8
8 14
14 30
41
1
0.0007917252
4
41 21
21 2
2 15
15 35
4
41 21
21 2
2 15
15 35
41
1
0.0148222935
4
41 23
23 8
8 20
20 38
4
41 23
23 8
8 20
20 38
41
1
0.0260749418
4
41 21
21 2
2 18
18 36
4
41 21
21 2
2 18
18 36
40
1
0.0591606481
4
40 23
23 8
8 20
20 37
4
40 23
23 8
8 20
20 37
41
1
5.7796201941
4
41 21
21 2
2 15
15 33
4
41 21
21 2
2 15
15 33
38
1
104.1747280288
4
38 19
19 3
3 16
16 33
4
38 19
19 3
3 16
16 33
40
1
0.0837632149
4
40 21
21 2
2 12
12 32
4
40 21
21 2
2 12
12 32
40
1
0.0028506054
4
40 23
23 8
8 14
14 31
4
40 23
23 8
8 14
14 31
39
1
0.0005023299
4
39 21
21 2
2 18
18 36
4
39 21
21 2
2 18
18 36
41
1
0.3755040882
4
41 23
23 8
8 14
14 30
4
41 23
23 8
8 14
14 30
41
1
0.0102052697
4
41 21
21 2
2 12
12 30
4
41 21
21 2
2 12
12 30
41
1
1.0000000000
4
41 23
23 8
8 11
11 29
4
41 23
23 8
8 11
11 29
39
1
5.2851767257
4
39 21
21 2
2 24
24 42
4
39 21
21 2
2 24
24 42
41
1
0.0199802065
4
41 23
23 8
8 14
14 32
4
41 23
23 8
8 14
14 32
41
1
0.0017790347
4
41 21
21 2
2 24
24 44
4
41 21
21 2
2 24
24 44
40
1
3.1425883629
4
40 23
23 8
8 26
26 44
4
40 23
23 8
8 26
26 44
41
1
0.0025031601
4
41 21
21 2
2 12
12 31
4
41 21
21 2
2 12
12 31
40
1
0.6732288833
4
40 23
23 8
8 20
20 37
4
40 23
23 8
8 20
20 37
41
1
5.2302385626
4
41 21
21 2
2 9
9 27
4
41 21
21 2
2 9
9 27
40
1
0.0003329279
4
40 23
23 8
8 17
17 33
4
40 23
23 8
8 17
17 33
39
1
107.9804778358
4
39 21
21 2
2 15
15 35
4
39 21
21 2
2 15
15 35
41
1
0.0019911408
4
41 23
23 8
8 26
26 44
4
41 23
23 8
8 26
26 44
40
1
3.7469081575
4
40 21
21 2
2 9
9 29
4
40 21
21 2
2 9
9 29
40
1
0.0006858489
4
40 23
23 8
8 17
17 34
4
40 23
23 8
8 17
17 34
39
1
1.2746908158
4
39 21
21 2
2 18
18 36
4
39 21
21 2
2 18
18 36
41
1
0.1935864916
4
41 23
23 8
8 26
26 42
4
41 23
23 8
8 26
26 42
41
1
0.5497820171
4
41 21
21 2
2 9
9 27
4
41 21
21 2
2 9
9 27
40
1
0.0019537104
4
40 23
23 8
8 20
20 38
4
40 23
23 8
8 20
20 38
40
1
0.0011427164
4
40 21
21 2
2 9
9 27
4
40 21
21 2
2 9
9 27
39
1
0.0185598843
4
39 23
23 8
8 17
17 35
4
39 23
23 8
8 17
17 35
40
1
0.0176804512
4
40 21
21 2
2 18
18 38
4
40 21
21 2
2 18
18 38
40
1
0.0151520810
4
40 23
23 8
8 14
14 31
4
40 23
23 8
8 14
14 31
39
1
0.2590580604
4
39 21
21 2
2 18
18 36
4
39 21
21 2
2 18
18 36
41
1
0.0044992505
4
41 23
23 8
8 14
14 32
4
41 23
23 8
8 14
14 32
40
1
0.0055442672
4
40 21
21 2
2 24
24 44
4
40 21
21 2
2 24
24 44
39
1
0.0020160945
4
39 23
23 8
8 14
14 31
4
39 23
23 8
8 14
14 31
41
1
0.0118542068
4
41 21
21 2
2 24
24 44
4
41 21
21 2
2 24
24 44
28
1
42.0141478473
4
28 9
9 0
0 24
24 43
4
28 9
9 0
0 24
24 43
40
1
0.0247689271
4
40 21
21 2
2 15
15 35
4
40 21
21 2
2 15
15 35
29
1
106.7118945668
4
29 9
9 0
0 21
21 40
4
29 9
9 0
0 21
21 40
41
1
0.0016293128
4
41 21
21 2
2 15
15 34
4
41 21
21 2
2 15
15 34
39
1
0.0087761908
4
39 23
23 8
8 17
17 35
4
39 23
23 8
8 17
17 35
39
1
0.0816512288
4
39 21
21 2
2 12
12 32
4
39 21
21 2
2 12
12 32
40
1
4.2962897890
4
40 23
23 8
8 11
11 29
4
40 23
23 8
8 11
11 29
39
1
6.1641873361
4
39 21
21 2
2 24
24 43
4
39 21
21 2
2 24
24 43
41
1
0.0148222935
4
41 23
23 8
8 26
26 44
4
41 23
23 8
8 26
26 44
40
1
2.9777738734
4
40 21
21 2
2 9
9 27
4
40 21
21 2
2 9
9 27
40
1
0.0098754822
4
40 23
23 8
8 14
14 30
4
40 23
23 8
8 14
14 30
41
1
0.2527221021
4
41 21
21 2
2 15
15 33
4
41 21
21 2
2 15
15 33
41
1
0.0115244193
4
41 23
23 8
8 14
14 31
4
41 23
23 8
8 14
14 31
40
1
0.0002764605
4
40 21
21 2
2 15
15 35
4
40 21
21 2
2 15
15 35
40
1
0.7313215263
4
40 23
23 8
8 26
26 42
4
40 23
23 8
8 26
26 42
40
1
0.4335967311
4
40 21
21 2
2 24
24 42
4
40 21
21 2
2 24
24 42
40
1
0.4408583115
4
40 23
23 8
8 20
20 37
4
40 23
23 8
8 20
20 37
41
1
0.2611700465
4
41 21
21 2
2 12
12 32
4
41 21
21 2
2 12
12 32
39
1
0.0027484156
4
39 23
23 8
8 14
14 30
4
39 23
23 8
8 14
14 30
41
1
1.6043197946
4
41 21
21 2
2 24
24 44
4
41 21
21 2
2 24
24 44
39
1
4.2962897890
4
39 23
23 8
8 26
26 42
4
39 23
23 8
8 26
26 42
41
1
0.0008807030
4
41 21
21 2
2 12
12 31
4
41 21
21 2
2 12
12 31
39
1
0.3827656686
4
39 23
23 8
8 11
11 29
4
39 23
23 8
8 11
11 29
41
1
0.0168010181
4
41 21
21 2
2 12
12 30
4
41 21
21 2
2 12
12 30
39
1
0.0001635258
4
39 23
23 8
8 14
14 31
4
39 23
23 8
8 14
14 31
39
1
0.6514441422
4
39 21
21 2
2 24
24 42
4
39 21
21 2
2 24
24 42
40
1
0.0001141168
4
40 23
23 8
8 17
17 33
4
40 23
23 8
8 17
17 33
41
1
0.0081166160
4
41 21
21 2
2 24
24 42
4
41 21
21 2
2 24
24 42
39
1
0.0024622842
4
39 23
23 8
8 26
26 44
4
39 23
23 8
8 26
26 44
39
1
0.0039746932
4
39 21
21 2
2 12
12 30
4
39 21
21 2
2 12
12 30
41
1
0.0028301675
4
41 23
23 8
8 20
20 38
4
41 23
23 8
8 20
20 38
40
1
0.0025031601
4
40 21
21 2
2 18
18 37
4
40 21
21 2
2 18
18 37
35
1
6.2191254993
4
35 17
17 6
6 11
11 29
4
35 17
17 6
6 11
11 29
40
1
0.0045394434
4
40 21
21 2
2 9
9 27
4
40 21
21 2
2 9
9 27
43
1
3.7469081575
4
43 26
26 6
6 20
20 37
4
43 26
26 6
6 20
20 37
39
1
0.3391961863
4
39 21
21 2
2 18
18 38
4
39 21
21 2
2 18
18 38
34
1
109.2490611048
4
34 16
16 3
3 10
10 27
4
34 16
16 3
3 10
10 27
41
1
0.0010928091
4
41 21
21 2
2 9
9 29
4
41 21
21 2
2 9
9 29
40
1
0.0072725641
4
40 23
23 8
8 17
17 35
4
40 23
23 8
8 17
17 35
40
1
0.0010179481
4
40 21
21 2
2 12
12 31
4
40 21
21 2
2 12
12 31
39
1
0.0019786640
4
39 23
23 8
8 14
14 30
4
39 23
23 8
8 14
14 30
41
1
0.9564305178
4
41 21
21 2
2 18
18 38
4
41 21
21 2
2 18
18 38
35
1
110.5176443738
4
35 15
15 0
0 18
18 36
4
35 15
15 0
0 18
18 36
41
1
0.0133932147
4
41 21
21 2
2 15
15 34
4
41 21
21 2
2 15
15 34
40
1
0.0033615544
4
40 23
23 8
8 26
26 43
4
40 23
23 8
8 26
26 43
41
1
0.0028301675
4
41 21
21 2
2 12
12 30
4
41 21
21 2
2 12
12 30
39
1
0.0035659340
4
39 23
23 8
8 14
14 32
4
39 23
23 8
8 14
14 32
39
1
22.9853988121
4
39 21
21 2
2 24
24 42
4
39 21
21 2
2 24
24 42
30
1
3.0876501997
4
30 13
13 3
3 19
19 38
4
30 13
13 3
3 19
19 38
39
1
0.0028301675
4
39 21
21 2
2 18
18 37
4
39 21
21 2
2 18
18 37
41
1
0.0286869713
4
41 23
23 8
8 17
17 34
4
41 23
23 8
8 17
17 34
40
1
0.0010678554
4
40 21
21 2
2 18
18 37
4
40 21
21 2
2 18
18 37
39
1
0.0063481262
4
39 23
23 8
8 11
11 29
4
39 23
23 8
8 11
11 29
40
1
88.9517288007
4
40 21
21 2
2 12
12 32
4
40 21
21 2
2 12
12 32
33
1
2.2086395893
4
33 15
15 0
0 18
18 37
4
33 15
15 0
0 18
18 37
