6
358
41
1
0.0317343390
4
41 22
22 4
4 16
16 33
4
41 22
22 4
4 16
16 33
40
1
5.6697438678
4
40 21
21 1
1 24
24 44
4
40 21
21 1
1 24
24 44
41
1
0.0002129347
4
41 22
22 4
4 19
19 37
4
41 22
22 4
4 19
19 37
39
1
0.0012674847
4
39 21
21 1
1 18
18 37
4
39 21
21 1
1 18
18 37
41
1
10.2995661220
4
41 22
22 4
4 25
25 42
4
41 22
22 4
4 25
25 42
39
1
0.0334756919
4
39 21
21 1
1 24
24 44
4
39 21
21 1
1 24
24 44
39
1
49.6256474613
4
39 22
22 4
4 16
16 35
4
39 22
22 4
4 16
16 35
41
1
0.0040360071
4
41 21
21 1
1 12
12 30
4
41 21
21 1
1 12
12 30
39
1
0.3101498649
4
39 22
22 4
4 16
16 34
4
39 22
22 4
4 16
16 34
40
1
3.2524646891
4
40 21
21 1
1 15
15 33
4
40 21
21 1
1 15
15 33
40
1
72.4601463035
4
40 22
22 4
4 13
13 32
4
40 22
22 4
4 13
13 32
41
1
0.0165811598
4
41 21
21 1
1 24
24 42
4
41 21
21 1
1 24
24 42
41
1
0.0001705842
4
41 22
22 4
4 25
25 44
4
41 22
22 4
4 25
25 44
41
1
0.1238909506
4
41 21
21 1
1 12
12 32
4
41 21
21 1
1 12
12 32
41
1
0.5788283385
4
41 22
22 4
4 10
10 28
4
41 22
22 4
4 10
10 28
41
1
0.0011177628
4
41 21
21 1
1 18
18 37
4
41 21
21 1
1 18
18 37
41
1
0.0291223095
4
41 22
22 4
4 19
19 37
4
41 22
22 4
4 19
19 37
39
1
0.0013797762
4
39 21
21 1
1 12
12 31
4
39 21
21 1
1 12
12 31
41
1
0.0043384787
4
41 22
22 4
4 10
10 28
4
41 22
22 4
4 10
10 28
39
1
0.0014546372
4
39 21
21 1
1 9
9 28
4
39 21
21 1
1 9
9 28
41
1
92.7574786077
4
41 22
22 4
4 19
19 38
4
41 22
22 4
4 19
19 38
41
1
10.2995661220
4
41 21
21 1
1 9
9 28
4
41 21
21 1
1 9
9 28
40
1
0.1260029367
4
40 22
22 4
4 16
16 34
4
40 22
22 4
4 16
16 34
41
1
0.0061873544
4
41 21
21 1
1 15
15 35
4
41 21
21 1
1 15
15 35
40
1
6.1092491730
4
40 22
22 4
4 19
19 38
4
40 22
22 4
4 19
19 38
41
1
0.0003823368
4
41 21
21 1
1 12
12 32
4
41 21
21 1
1 12
12 32
41
1
0.0030549850
4
41 22
22 4
4 10
10 27
4
41 22
22 4
4 10
10 27
39
1
4.4061661153
4
39 21
21 1
1 12
12 30
4
39 21
21 1
1 12
12 30
41
1
0.2125943664
4
41 22
22 4
4 25
25 42
4
41 22
22 4
4 25
25 42
41
1
0.3101498649
4
41 21
21 1
1 12
12 32
4
41 21
21 1
1 12
12 32
39
1
2.2086395893
4
39 22
22 4
4 25
25 44
4
39 22
22 4
4 25
25 44
40
1
0.1956984777
4
40 21
21 1
1 9
9 27
4
40 21
21 1
1 9
9 27
40
1
0.0029936712
4
40 22
22 4
4 13
13 32
4
40 22
22 4
4 13
13 32
41
1
0.0032389267
4
41 21
21 1
1 24
24 42
4
41 21
21 1
1 24
24 42
41
1
6.0543110098
4
41 22
22 4
4 10
10 27
4
41 22
22 4
4 10
10 27
39
1
0.0173506638
4
39 21
21 1
1 24
24 44
4
39 21
21 1
1 24
24 44
41
1
0.0006505568
4
41 22
22 4
4 13
13 32
4
41 22
22 4
4 13
13 32
41
1
0.0153719392
4
41 21
21 1
1 15
15 33
4
41 21
21 1
1 15
15 33
40
1
0.0078754583
4
40 22
22 4
4 13
13 31
4
40 22
22 4
4 13
13 31
39
1
0.1344508811
4
39 21
21 1
1 15
15 35
4
39 21
21 1
1 15
15 35
39
1
0.0065892839
4
39 22
22 4
4 19
19 38
4
39 22
22 4
4 19
19 38
41
1
0.0282516330
4
41 21
21 1
1 9
9 27
4
41 21
21 1
1 9
9 27
40
1
0.4118119900
4
40 22
22 4
4 16
16 34
4
40 22
22 4
4 16
16 34
39
1
0.0094357657
4
39 21
21 1
1 9
9 27
4
39 21
21 1
1 9
9 27
39
1
0.2506101160
4
39 22
22 4
4 19
19 38
4
39 22
22 4
4 19
19 38
41
1
0.0004105705
4
41 21
21 1
1 12
12 31
4
41 21
21 1
1 12
12 31
40
1
0.3101498649
4
40 22
22 4
4 16
16 34
4
40 22
22 4
4 16
16 34
40
1
0.0003470447
4
40 21
21 1
1 15
15 35
4
40 21
21 1
1 15
15 35
40
1
1.2746908158
4
40 22
22 4
4 10
10 28
4
40 22
22 4
4 10
10 28
39
1
73.7287295725
4
39 21
21 1
1 9
9 28
4
39 21
21 1
1 9
9 28
40
1
0.8983378748
4
40 22
22 4
4 19
19 37
4
40 22
22 4
4 19
19 37
40
1
57.2371470754
4
40 21
21 1
1 24
24 43
4
40 21
21 1
1 24
24 43
41
1
0.0018289421
4
41 22
22 4
4 16
16 35
4
41 22
22 4
4 16
16 35
40
1
0.0186698134
4
40 21
21 1
1 9
9 29
4
40 21
21 1
1 9
9 29
41
1
0.0006576152
4
41 22
22 4
4 19
19 36
4
41 22
22 4
4 19
19 36
39
1
0.0016792201
4
39 21
21 1
1 24
24 43
4
39 21
21 1
1 24
24 43
40
1
0.0009430871
4
40 22
22 4
4 16
16 35
4
40 22
22 4
4 16
16 35
39
1
0.0478418538
4
39 21
21 1
1 12
12 30
4
39 21
21 1
1 12
12 30
39
1
0.0062677403
4
39 22
22 4
4 10
10 29
4
39 22
22 4
4 10
10 29
39
1
0.0116343485
4
39 21
21 1
1 24
24 43
4
39 21
21 1
1 24
24 43
41
1
0.0504538833
4
41 22
22 4
4 10
10 28
4
41 22
22 4
4 10
10 28
39
1
0.0461005009
4
39 21
21 1
1 18
18 37
4
39 21
21 1
1 18
18 37
40
1
0.0014671140
4
40 22
22 4
4 10
10 28
4
40 22
22 4
4 10
10 28
39
1
0.0014920677
4
39 21
21 1
1 12
12 32
4
39 21
21 1
1 12
12 32
41
1
0.1091070480
4
41 22
22 4
4 13
13 31
4
41 22
22 4
4 13
13 31
41
1
0.0016916969
4
41 21
21 1
1 12
12 32
4
41 21
21 1
1 12
12 32
39
1
0.0295576478
4
39 22
22 4
4 25
25 43
4
39 22
22 4
4 25
25 43
39
1
0.2020344359
4
39 21
21 1
1 18
18 36
4
39 21
21 1
1 18
18 36
40
1
0.0072725641
4
40 22
22 4
4 25
25 43
4
40 22
22 4
4 25
25 43
39
1
0.0260749418
4
39 21
21 1
1 15
15 34
4
39 21
21 1
1 15
15 34
40
1
0.0009929945
4
40 22
22 4
4 25
25 44
4
40 22
22 4
4 25
25 44
40
1
0.0186698134
4
40 21
21 1
1 12
12 32
4
40 21
21 1
1 12
12 32
39
1
1.7141961210
4
39 22
22 4
4 10
10 29
4
39 22
22 4
4 10
10 29
41
1
0.0036681238
4
41 21
21 1
1 24
24 42
4
41 21
21 1
1 24
24 42
41
1
68.6543964965
4
41 22
22 4
4 10
10 27
4
41 22
22 4
4 10
10 27
39
1
0.0116343485
4
39 21
21 1
1 24
24 42
4
39 21
21 1
1 24
24 42
41
1
0.0052227236
4
41 22
22 4
4 13
13 32
4
41 22
22 4
4 13
13 32
39
1
0.0001917595
4
39 21
21 1
1 12
12 30
4
39 21
21 1
1 12
12 30
40
1
5.2851767257
4
40 22
22 4
4 19
19 36
4
40 22
22 4
4 19
19 36
40
1
0.0073127570
4
40 21
21 1
1 9
9 28
4
40 21
21 1
1 9
9 28
39
1
3.6919699943
4
39 22
22 4
4 19
19 37
4
39 22
22 4
4 19
19 37
39
1
0.0007423162
4
39 21
21 1
1 9
9 29
4
39 21
21 1
1 9
9 29
39
1
0.0091059783
4
39 22
22 4
4 10
10 28
4
39 22
22 4
4 10
10 28
40
1
5.8894965203
4
40 21
21 1
1 12
12 30
4
40 21
21 1
1 12
12 30
39
1
0.0042580928
4
39 22
22 4
4 10
10 29
4
39 22
22 4
4 10
10 29
39
1
0.7167983656
4
39 21
21 1
1 18
18 37
4
39 21
21 1
1 18
18 37
40
1
0.0042982858
4
40 22
22 4
4 10
10 28
4
40 22
22 4
4 10
10 28
40
1
0.0080362301
4
40 21
21 1
1 9
9 27
4
40 21
21 1
1 9
9 27
41
1
0.0286869713
4
41 22
22 4
4 19
19 38
4
41 22
22 4
4 19
19 38
40
1
4.2413516258
4
40 21
21 1
1 15
15 34
4
40 21
21 1
1 15
15 34
41
1
94.0260618767
4
41 22
22 4
4 25
25 42
4
41 22
22 4
4 25
25 42
41
1
0.8983378748
4
41 21
21 1
1 18
18 36
4
41 21
21 1
1 18
18 36
40
1
0.6877520441
4
40 22
22 4
4 13
13 32
4
40 22
22 4
4 13
13 32
41
1
0.0943231453
4
41 21
21 1
1 12
12 32
4
41 21
21 1
1 12
12 32
41
1
0.2358262134
4
41 22
22 4
4 25
25 43
4
41 22
22 4
4 25
25 43
40
1
1.2746908158
4
40 21
21 1
1 15
15 33
4
40 21
21 1
1 15
15 33
40
1
2.7580212208
4
40 22
22 4
4 19
19 38
4
40 22
22 4
4 19
19 38
39
1
0.2252662829
4
39 21
21 1
1 18
18 38
4
39 21
21 1
1 18
18 38
39
1
0.0016542664
4
39 22
22 4
4 19
19 38
4
39 22
22 4
4 19
19 38
41
1
0.1344508811
4
41 21
21 1
1 12
12 30
4
41 21
21 1
1 12
12 30
40
1
0.0050217589
4
40 22
22 4
4 13
13 32
4
40 22
22 4
4 13
13 32
39
1
0.0016417896
4
39 21
21 1
1 9
9 28
4
39 21
21 1
1 9
9 28
40
1
0.0005870310
4
40 22
22 4
4 19
19 38
4
40 22
22 4
4 19
19 38
39
1
0.0062677403
4
39 21
21 1
1 24
24 42
4
39 21
21 1
1 24
24 42
39
1
0.0040768830
4
39 22
22 4
4 19
19 36
4
39 22
22 4
4 19
19 36
41
1
0.0015794055
4
41 21
21 1
1 24
24 42
4
41 21
21 1
1 24
24 42
41
1
0.0116343485
4
41 22
22 4
4 19
19 36
4
41 22
22 4
4 19
19 36
41
1
0.0023192185
4
41 21
21 1
1 15
15 33
4
41 21
21 1
1 15
15 33
41
1
0.0014546372
4
41 22
22 4
4 19
19 37
4
41 22
22 4
4 19
19 37
41
1
0.0007140825
4
41 21
21 1
1 18
18 38
4
41 21
21 1
1 18
18 38
39
1
0.0015669286
4
39 22
22 4
4 10
10 27
4
39 22
22 4
4 10
10 27
41
1
0.0113045611
4
41 21
21 1
1 24
24 43
4
41 21
21 1
1 24
24 43
40
1
1.5493816315
4
40 22
22 4
4 19
19 36
4
40 22
22 4
4 19
19 36
40
1
0.1956984777
4
40 21
21 1
1 18
18 37
4
40 21
21 1
1 18
18 37
39
1
0.0001564674
4
39 22
22 4
4 19
19 38
4
39 22
22 4
4 19
19 38
41
1
96.5632284147
4
41 21
21 1
1 9
9 29
4
41 21
21 1
1 9
9 29
41
1
0.2569460743
4
41 22
22 4
4 25
25 44
4
41 22
22 4
4 25
25 44
39
1
0.0008557493
4
39 21
21 1
1 9
9 27
4
39 21
21 1
1 9
9 27
41
1
0.2675060047
4
41 22
22 4
4 19
19 36
4
41 22
22 4
4 19
19 36
41
1
0.2168183386
4
41 21
21 1
1 12
12 32
4
41 21
21 1
1 12
12 32
39
1
0.0037498757
4
39 22
22 4
4 19
19 38
4
39 22
22 4
4 19
19 38
39
1
0.0191095300
4
39 21
21 1
1 12
12 30
4
39 21
21 1
1 12
12 30
40
1
114.3233941809
4
40 22
22 4
4 13
13 30
4
40 21
21 1
1 9
9 27
39
1
0.0106449862
4
39 21
21 1
1 9
9 27
4
39 21
21 1
1 9
9 27
39
1
0.0130634273
4
39 22
22 4
4 13
13 30
4
39 22
22 4
4 13
13 30
39
1
0.0002199931
4
39 21
21 1
1 18
18 37
4
39 21
21 1
1 18
18 37
39
1
0.0003752784
4
39 22
22 4
4 25
25 42
4
39 22
22 4
4 25
25 42
41
1
0.0099854114
4
41 21
21 1
1 15
15 33
4
41 21
21 1
1 15
15 33
39
1
0.8257220711
4
39 22
22 4
4 16
16 35
4
39 22
22 4
4 16
16 35
40
1
0.0004317457
4
40 21
21 1
1 12
12 32
4
40 21
21 1
1 12
12 32
39
1
0.7676294282
4
39 22
22 4
4 13
13 31
4
39 22
22 4
4 13
13 31
41
1
0.0004952715
4
41 21
21 1
1 15
15 35
4
41 21
21 1
1 15
15 35
39
1
0.1534587559
4
39 22
22 4
4 19
19 38
4
39 22
22 4
4 19
19 38
40
1
39.4769813093
4
40 21
21 1
1 18
18 38
4
40 21
21 1
1 18
18 38
41
1
106.7118945668
4
41 22
22 4
4 25
25 44
4
41 22
22 4
4 25
25 44
41
1
2.0438250999
4
41 21
21 1
1 18
18 36
4
41 21
21 1
1 18
18 36
40
1
0.4844277937
4
40 22
22 4
4 25
25 42
4
40 22
22 4
4 25
25 42
39
1
0.0039542553
4
39 21
21 1
1 18
18 36
4
39 21
21 1
1 18
18 36
41
1
0.0063079332
4
41 22
22 4
4 16
16 34
4
41 22
22 4
4 16
16 34
39
1
0.0004811547
4
39 21
21 1
1 15
15 34
4
39 21
21 1
1 15
15 34
41
1
0.1048830758
4
41 22
22 4
4 13
13 30
4
41 22
22 4
4 13
13 30
41
1
0.0295576478
4
41 21
21 1
1 15
15 35
4
41 21
21 1
1 15
15 35
40
1
0.2147063525
4
40 22
22 4
4 16
16 33
4
40 22
22 4
4 16
16 33
40
1
0.0051825307
4
40 21
21 1
1 9
9 29
4
40 21
21 1
1 9
9 29
39
1
5.5049293783
4
39 22
22 4
4 13
13 32
4
39 22
22 4
4 13
13 32
39
1
3.5271555049
4
39 21
21 1
1 18
18 38
4
39 21
21 1
1 18
18 38
39
1
0.0106449862
4
39 22
22 4
4 19
19 38
4
39 22
22 4
4 19
19 38
39
1
0.0265102801
4
39 21
21 1
1 9
9 29
4
39 21
21 1
1 9
9 29
40
1
0.0155917975
4
40 22
22 4
4 16
16 34
4
40 22
22 4
4 16
16 34
41
1
0.0006505568
4
41 21
21 1
1 15
15 35
4
41 21
21 1
1 15
15 35
39
1
0.1513467698
4
39 22
22 4
4 19
19 38
4
39 22
22 4
4 19
19 38
40
1
0.0035659340
4
40 21
21 1
1 18
18 36
4
40 21
21 1
1 18
18 36
39
1
0.1154430063
4
39 22
22 4
4 25
25 43
4
39 22
22 4
4 25
25 43
40
1
0.0111946319
4
40 21
21 1
1 15
15 34
4
40 21
21 1
1 15
15 34
40
1
0.0006999657
4
40 22
22 4
4 16
16 35
4
40 22
22 4
4 16
16 35
39
1
69.9229797655
4
39 21
21 1
1 12
12 31
4
39 21
21 1
1 12
12 31
39
1
0.0007846667
4
39 22
22 4
4 13
13 31
4
39 22
22 4
4 13
13 31
39
1
0.0001352921
4
39 21
21 1
1 9
9 29
4
39 21
21 1
1 9
9 29
40
1
0.0002341100
4
40 22
22 4
4 10
10 29
4
40 22
22 4
4 10
10 29
41
1
0.0308636625
4
41 21
21 1
1 18
18 37
4
41 21
21 1
1 18
18 37
39
1
6.1092491730
4
39 22
22 4
4 13
13 31
4
39 22
22 4
4 13
13 31
41
1
0.0003611615
4
41 21
21 1
1 15
15 33
4
41 21
21 1
1 15
15 33
40
1
31.8654816952
4
40 22
22 4
4 19
19 36
4
40 22
22 4
4 19
19 36
41
1
0.0118542068
4
41 21
21 1
1 15
15 34
4
41 21
21 1
1 15
15 34
41
1
0.0012425311
4
41 22
22 4
4 25
25 44
4
41 22
22 4
4 25
25 44
40
1
0.4844277937
4
40 21
21 1
1 12
12 32
4
40 21
21 1
1 12
12 32
41
1
4.2962897890
4
41 22
22 4
4 16
16 33
4
41 22
22 4
4 16
16 33
41
1
0.3101498649
4
41 21
21 1
1 24
24 44
4
41 21
21 1
1 24
24 44
41
1
1.4395053052
4
41 22
22 4
4 10
10 28
4
41 22
22 4
4 10
10 28
41
1
0.0164712306
4
41 21
21 1
1 24
24 42
4
41 21
21 1
1 24
24 42
39
1
7.7623995840
4
39 22
22 4
4 16
16 33
4
39 22
22 4
4 16
16 33
40
1
115.5919774499
4
40 21
21 1
1 24
24 43
4
40 22
22 4
4 25
25 44
40
1
0.0035659340
4
40 22
22 4
4 19
19 37
4
40 22
22 4
4 19
19 37
39
1
5.3401148888
4
39 21
21 1
1 18
18 37
4
39 21
21 1
1 18
18 37
41
1
0.0023805324
4
41 22
22 4
4 16
16 33
4
41 22
22 4
4 16
16 33
39
1
0.0046600223
4
39 21
21 1
1 12
12 30
4
39 21
21 1
1 12
12 30
39
1
0.0003117526
4
39 22
22 4
4 16
16 33
4
39 22
22 4
4 16
16 33
39
1
0.3682425078
4
39 21
21 1
1 12
12 30
4
39 21
21 1
1 12
12 30
39
1
0.0001917595
4
39 22
22 4
4 10
10 27
4
39 22
22 4
4 10
10 27
39
1
0.0647553401
4
39 21
21 1
1 15
15 34
4
39 21
21 1
1 15
15 34
41
1
0.0352170449
4
41 22
22 4
4 10
10 27
4
41 22
22 4
4 10
10 27
41
1
4.2962897890
4
41 21
21 1
1 24
24 43
4
41 21
21 1
1 24
24 43
41
1
4.9555477468
4
41 22
22 4
4 16
16 34
4
41 22
22 4
4 16
16 34
41
1
0.7531062674
4
41 21
21 1
1 24
24 42
4
41 21
21 1
1 24
24 42
39
1
0.0119641359
4
39 22
22 4
4 13
13 32
4
39 22
22 4
4 13
13 32
41
1
0.0622080158
4
41 21
21 1
1 15
15 35
4
41 21
21 1
1 15
15 35
41
1
0.0015419750
4
41 22
22 4
4 25
25 44
4
41 22
22 4
4 25
25 44
41
1
0.0732032845
4
41 21
21 1
1 9
9 28
4
41 21
21 1
1 9
9 28
41
1
0.0002623437
4
41 22
22 4
4 16
16 35
4
41 22
22 4
4 16
16 35
39
1
0.0033411165
4
39 21
21 1
1 12
12 31
4
39 21
21 1
1 12
12 31
40
1
0.0010678554
4
40 22
22 4
4 10
10 27
4
40 22
22 4
4 10
10 27
41
1
0.0504538833
4
41 21
21 1
1 15
15 35
4
41 21
21 1
1 15
15 35
39
1
0.0008183188
4
39 22
22 4
4 10
10 27
4
39 22
22 4
4 10
10 27
39
1
67.3858132275
4
39 21
21 1
1 18
18 37
4
39 21
21 1
1 18
18 37
40
1
0.0012550079
4
40 22
22 4
4 13
13 30
4
40 22
22 4
4 13
13 30
39
1
0.0038520655
4
39 21
21 1
1 15
15 33
4
39 21
21 1
1 15
15 33
39
1
0.2956267041
4
39 22
22 4
4 10
10 27
4
39 22
22 4
4 10
10 27
40
1
0.0208508830
4
40 21
21 1
1 18
18 36
4
40 21
21 1
1 18
18 36
40
1
0.0543719274
4
40 22
22 4
4 10
10 27
4
40 22
22 4
4 10
10 27
40
1
49.6256474613
4
40 21
21 1
1 24
24 43
4
40 21
21 1
1 24
24 43
39
1
0.8838147141
4
39 22
22 4
4 25
25 44
4
39 22
22 4
4 25
25 44
40
1
0.0421824567
4
40 21
21 1
1 9
9 28
4
40 21
21 1
1 9
9 28
40
1
0.8111989104
4
40 22
22 4
4 10
10 27
4
40 22
22 4
4 10
10 27
40
1
0.0126237107
4
40 21
21 1
1 15
15 35
4
40 21
21 1
1 15
15 35
39
1
4.1314752995
4
39 22
22 4
4 25
25 44
4
39 22
22 4
4 25
25 44
39
1
0.0008682261
4
39 21
21 1
1 9
9 29
4
39 21
21 1
1 9
9 29
41
1
68.6543964965
4
41 22
22 4
4 13
13 32
4
41 22
22 4
4 13
13 32
41
1
0.0021148389
4
41 21
21 1
1 12
12 30
4
41 21
21 1
1 12
12 30
39
1
0.0013173920
4
39 22
22 4
4 16
16 34
4
39 22
22 4
4 16
16 34
41
1
0.0108648445
4
41 21
21 1
1 12
12 30
4
41 21
21 1
1 12
12 30
39
1
0.1788025890
4
39 22
22 4
4 16
16 33
4
39 22
22 4
4 16
16 33
39
1
0.8111989104
4
39 21
21 1
1 24
24 42
4
39 21
21 1
1 24
24 42
40
1
0.0039133794
4
40 22
22 4
4 25
25 44
4
40 22
22 4
4 25
25 44
39
1
0.6151362404
4
39 21
21 1
1 18
18 37
4
39 21
21 1
1 18
18 37
41
1
0.0500185450
4
41 22
22 4
4 16
16 33
4
41 22
22 4
4 16
16 33
41
1
0.8547683926
4
41 21
21 1
1 12
12 30
4
41 21
21 1
1 12
12 30
40
1
0.8692915533
4
40 22
22 4
4 19
19 37
4
40 22
22 4
4 19
19 37
40
1
0.0011926237
4
40 21
21 1
1 12
12 32
4
40 21
21 1
1 12
12 32
40
1
0.7095367852
4
40 22
22 4
4 10
10 28
4
40 22
22 4
4 10
10 28
41
1
0.2231542968
4
41 21
21 1
1 9
9 28
4
41 21
21 1
1 9
9 28
41
1
3.1975265260
4
41 22
22 4
4 25
25 44
4
41 22
22 4
4 25
25 44
40
1
0.0106449862
4
40 21
21 1
1 24
24 44
4
40 21
21 1
1 24
24 44
41
1
0.0125137816
4
41 22
22 4
4 16
16 34
4
41 22
22 4
4 16
16 34
39
1
0.0024622842
4
39 21
21 1
1 18
18 36
4
39 21
21 1
1 18
18 36
41
1
0.0008557493
4
41 22
22 4
4 25
25 43
4
41 22
22 4
4 25
25 43
40
1
0.6804904637
4
40 21
21 1
1 15
15 35
4
40 21
21 1
1 15
15 35
39
1
0.2358262134
4
39 22
22 4
4 19
19 38
4
39 22
22 4
4 19
19 38
41
1
3.9117226470
4
41 21
21 1
1 9
9 27
4
41 21
21 1
1 9
9 27
40
1
0.0189996009
4
40 22
22 4
4 25
25 44
4
40 22
22 4
4 25
25 44
40
1
0.1133310202
4
40 21
21 1
1 15
15 33
4
40 21
21 1
1 15
15 33
41
1
0.0043786716
4
41 22
22 4
4 10
10 28
4
41 22
22 4
4 10
10 28
41
1
0.0002199931
4
41 21
21 1
1 24
24 44
4
41 21
21 1
1 24
24 44
40
1
0.0117442776
4
40 22
22 4
4 25
25 42
4
40 22
22 4
4 25
25 42
41
1
104.1747280288
4
41 21
21 1
1 9
9 28
4
41 21
21 1
1 9
9 28
39
1
0.0154818684
4
39 22
22 4
4 10
10 28
4
39 22
22 4
4 10
10 28
39
1
0.0026871018
4
39 21
21 1
1 9
9 27
4
39 21
21 1
1 9
9 27
40
1
0.0067902487
4
40 22
22 4
4 16
16 34
4
40 22
22 4
4 16
16 34
39
1
0.4408583115
4
39 21
21 1
1 9
9 28
4
39 21
21 1
1 9
9 28
41
1
0.0005517389
4
41 22
22 4
4 16
16 35
4
41 22
22 4
4 16
16 35
40
1
0.0015669286
4
40 21
21 1
1 12
12 32
4
40 21
21 1
1 12
12 32
41
1
2.8129593840
4
41 22
22 4
4 13
13 30
4
41 22
22 4
4 13
13 30
39
1
0.0039133794
4
39 21
21 1
1 24
24 43
4
39 21
21 1
1 24
24 43
39
1
0.0024009703
4
39 22
22 4
4 13
13 32
4
39 22
22 4
4 13
13 32
40
1
0.0004670378
4
40 21
21 1
1 15
15 34
4
40 21
21 1
1 15
15 34
39
1
0.0135031439
4
39 22
22 4
4 19
19 37
4
39 22
22 4
4 19
19 37
39
1
0.0005305636
4
39 21
21 1
1 12
12 30
4
39 21
21 1
1 12
12 30
40
1
0.0591606481
4
40 22
22 4
4 16
16 33
4
40 22
22 4
4 16
16 33
39
1
0.7966757496
4
39 21
21 1
1 24
24 44
4
39 21
21 1
1 24
24 44
39
1
0.0561132804
4
39 22
22 4
4 25
25 43
4
39 22
22 4
4 25
25 43
41
1
0.0291223095
4
41 21
21 1
1 24
24 42
4
41 21
21 1
1 24
24 42
40
1
2.4283922419
4
40 22
22 4
4 19
19 36
4
40 22
22 4
4 19
19 36
39
1
0.2041464220
4
39 21
21 1
1 12
12 31
4
39 21
21 1
1 12
12 31
39
1
6.1641873361
4
39 22
22 4
4 25
25 44
4
39 22
22 4
4 25
25 44
39
1
0.2506101160
4
39 21
21 1
1 24
24 43
4
39 21
21 1
1 24
24 43
41
1
0.1893625194
4
41 22
22 4
4 25
25 43
4
41 22
22 4
4 25
25 43
39
1
0.2506101160
4
39 21
21 1
1 24
24 42
4
39 21
21 1
1 24
24 42
39
1
0.0001705842
4
39 22
22 4
4 10
10 28
4
39 22
22 4
4 10
10 28
40
1
0.5570435974
4
40 21
21 1
1 24
24 44
4
40 21
21 1
1 24
24 44
41
1
31.8654816952
4
41 22
22 4
4 25
25 43
4
41 22
22 4
4 25
25 43
39
1
0.0007423162
4
39 21
21 1
1 15
15 34
4
39 21
21 1
1 15
15 34
39
1
0.9564305178
4
39 22
22 4
4 10
10 29
4
39 22
22 4
4 10
10 29
40
1
71.1915630345
4
40 21
21 1
1 18
18 38
4
40 21
21 1
1 18
18 38
41
1
0.0104251279
4
41 22
22 4
4 16
16 34
4
41 22
22 4
4 16
16 34
41
1
0.0060265826
4
41 21
21 1
1 9
9 28
4
41 21
21 1
1 9
9 28
40
1
50.8942307304
4
40 22
22 4
4 19
19 37
4
40 22
22 4
4 19
19 37
39
1
6.0543110098
4
39 21
21 1
1 18
18 36
4
39 21
21 1
1 18
18 36
40
1
0.0025031601
4
40 22
22 4
4 19
19 38
4
40 22
22 4
4 19
19 38
40
1
0.0238982506
4
40 21
21 1
1 9
9 28
4
40 21
21 1
1 9
9 28
41
1
0.0015294981
4
41 22
22 4
4 13
13 31
4
41 22
22 4
4 13
13 31
41
1
0.0184499552
4
41 21
21 1
1 24
24 44
4
41 21
21 1
1 24
24 44
41
1
0.0001141168
4
41 22
22 4
4 19
19 38
4
41 22
22 4
4 19
19 38
40
1
0.0080362301
4
40 21
21 1
1 12
12 32
4
40 21
21 1
1 12
12 32
40
1
0.0033615544
4
40 22
22 4
4 19
19 36
4
40 22
22 4
4 19
19 36
39
1
91.4888953387
4
39 21
21 1
1 18
18 38
4
39 21
21 1
1 18
18 38
41
1
0.0171308055
4
41 22
22 4
4 16
16 34
4
41 22
22 4
4 16
16 34
39
1
12.8367326601
4
39 21
21 1
1 15
15 33
4
39 21
21 1
1 15
15 33
41
1
0.0114144902
4
41 22
22 4
4 16
16 33
4
41 22
22 4
4 16
16 33
41
1
0.0048609871
4
41 21
21 1
1 18
18 36
4
41 21
21 1
1 18
18 36
40
1
0.0014047298
4
40 22
22 4
4 16
16 35
4
40 22
22 4
4 16
16 35
40
1
0.0004176289
4
40 21
21 1
1 24
24 42
4
40 21
21 1
1 24
24 42
41
1
0.0408764420
4
41 22
22 4
4 25
25 42
4
41 22
22 4
4 25
25 42
41
1
0.0050217589
4
41 21
21 1
1 15
15 33
4
41 21
21 1
1 15
15 33
41
1
0.0073931429
4
41 22
22 4
4 10
10 29
4
41 22
22 4
4 10
10 29
39
1
0.0273809566
4
39 21
21 1
1 15
15 34
4
39 21
21 1
1 15
15 34
39
1
0.0609020010
4
39 22
22 4
4 25
25 42
4
39 22
22 4
4 25
25 42
41
1
0.0006011478
4
41 21
21 1
1 12
12 30
4
41 21
21 1
1 12
12 30
40
1
0.0012300542
4
40 22
22 4
4 16
16 34
4
40 22
22 4
4 16
16 34
41
1
0.0151520810
4
41 21
21 1
1 15
15 35
4
41 21
21 1
1 15
15 35
40
1
0.0003329279
4
40 22
22 4
4 13
13 31
4
40 22
22 4
4 13
13 31
41
1
0.0003046942
4
41 21
21 1
1 15
15 35
4
41 21
21 1
1 15
15 35
40
1
0.0365230596
4
40 22
22 4
4 25
25 43
4
40 22
22 4
4 25
25 43
41
1
0.5062125348
4
41 21
21 1
1 9
9 28
4
41 21
21 1
1 9
9 28
33
1
118.1291439879
4
33 15
15 0
0 18
18 37
4
33 15
15 0
0 18
18 37
39
1
7.7623995840
4
39 21
21 1
1 12
12 32
4
39 21
21 1
1 12
12 32
39
1
0.0146024353
4
39 22
22 4
4 25
25 44
4
39 22
22 4
4 25
25 44
39
1
33.1340649642
4
39 21
21 1
1 15
15 33
4
39 21
21 1
1 15
15 33
39
1
0.0078754583
4
39 22
22 4
4 16
16 33
4
39 22
22 4
4 16
16 33
41
1
0.0243335889
4
41 21
21 1
1 24
24 43
4
41 21
21 1
1 24
24 43
41
1
0.0063481262
4
41 22
22 4
4 10
10 29
4
41 22
22 4
4 10
10 29
40
1
3.9117226470
4
40 21
21 1
1 9
9 28
4
40 21
21 1
1 9
9 28
39
1
0.0369583978
4
39 22
22 4
4 16
16 33
4
39 22
22 4
4 16
16 33
41
1
0.2062584081
4
41 21
21 1
1 15
15 34
4
41 21
21 1
1 15
15 34
41
1
0.0181201677
4
41 22
22 4
4 19
19 36
4
41 22
22 4
4 19
19 36
39
1
0.0143825770
4
39 21
21 1
1 15
15 35
4
39 21
21 1
1 15
15 35
41
1
81.3402291866
4
41 22
22 4
4 19
19 37
4
41 22
22 4
4 19
19 37
39
1
0.0026053499
4
39 21
21 1
1 24
24 43
4
39 21
21 1
1 24
24 43
40
1
0.2379381995
4
40 22
22 4
4 16
16 34
4
40 22
22 4
4 16
16 34
40
1
0.2956267041
4
40 21
21 1
1 18
18 36
4
40 21
21 1
1 18
18 36
41
1
4.5160424416
4
41 22
22 4
4 10
10 29
4
41 22
22 4
4 10
10 29
40
1
0.0055442672
4
40 21
21 1
1 9
9 29
4
40 21
21 1
1 9
9 29
39
1
0.0003541031
4
39 22
22 4
4 19
19 38
4
39 22
22 4
4 19
19 38
41
1
0.5643051778
4
41 21
21 1
1 24
24 43
4
41 21
21 1
1 24
24 43
41
1
2.7030830576
4
41 22
22 4
4 25
25 42
4
41 22
22 4
4 25
25 42
41
1
0.0065892839
4
41 21
21 1
1 9
9 28
4
41 21
21 1
1 9
9 28
40
1
4.5160424416
4
40 22
22 4
4 16
16 35
4
40 22
22 4
4 16
16 35
40
1
0.0039133794
4
40 21
21 1
1 9
9 29
4
40 21
21 1
1 9
9 29
39
1
0.0447944862
4
39 22
22 4
4 19
19 36
4
39 22
22 4
4 19
19 36
41
1
0.0012799615
4
41 21
21 1
1 9
9 28
4
41 21
21 1
1 9
9 28
40
1
0.0005870310
4
40 22
22 4
4 19
19 37
4
40 22
22 4
4 19
19 37
40
1
0.0063883192
4
40 21
21 1
1 12
12 31
4
40 21
21 1
1 12
12 31
39
1
0.0163613015
4
39 22
22 4
4 10
10 29
4
39 22
22 4
4 10
10 29
40
1
0.0053834954
4
40 21
21 1
1 18
18 37
4
40 21
21 1
1 18
18 37
39
1
0.0022783426
4
39 22
22 4
4 10
10 28
4
39 22
22 4
4 10
10 28
40
1
0.0018414189
4
40 21
21 1
1 12
12 30
4
40 21
21 1
1 12
12 30
30
1
120.6663105259
4
30 14
14 6
6 17
17 34
4
30 14
14 6
6 17
17 34
41
1
0.3464577667
4
41 21
21 1
1 15
15 35
4
41 21
21 1
1 15
15 35
40
1
0.0513245598
4
40 22
22 4
4 13
13 30
4
40 22
22 4
4 13
13 30
39
1
5.1753003994
4
39 21
21 1
1 9
9 29
4
39 21
21 1
1 9
9 29
41
1
0.0004388042
4
41 22
22 4
4 19
19 38
4
41 22
22 4
4 19
19 38
40
1
0.0013797762
4
40 21
21 1
1 24
24 44
4
40 21
21 1
1 24
24 44
39
1
0.0003682200
4
39 22
22 4
4 13
13 32
4
39 22
22 4
4 13
13 32
39
1
0.0037907516
4
39 21
21 1
1 24
24 42
4
39 21
21 1
1 24
24 42
39
1
0.0011427164
4
39 22
22 4
4 25
25 44
4
39 22
22 4
4 25
25 44
40
1
0.0117442776
4
40 21
21 1
1 12
12 32
4
40 21
21 1
1 12
12 32
40
1
0.0413117802
4
40 22
22 4
4 19
19 38
4
40 22
22 4
4 19
19 38
39
1
5.9444346835
4
39 21
21 1
1 18
18 36
4
39 21
21 1
1 18
18 36
40
1
0.0278162948
4
40 22
22 4
4 13
13 32
4
40 22
22 4
4 13
13 32
40
1
0.0116343485
4
40 21
21 1
1 24
24 43
4
40 21
21 1
1 24
24 43
41
1
0.0002694021
4
41 22
22 4
4 10
10 27
4
41 22
22 4
4 10
10 27
39
1
1.5493816315
4
39 21
21 1
1 9
9 28
4
39 21
21 1
1 9
9 28
39
1
0.1302269089
4
39 22
22 4
4 10
10 28
4
39 22
22 4
4 10
10 28
41
1
0.3609809274
4
41 21
21 1
1 18
18 37
4
41 21
21 1
1 18
18 37
40
1
5.5049293783
4
40 22
22 4
4 25
25 43
4
40 22
22 4
4 25
25 43
41
1
16.6424824671
4
41 21
21 1
1 24
24 43
4
41 21
21 1
1 24
24 43
41
1
0.0057854249
4
41 22
22 4
4 25
25 43
4
41 22
22 4
4 25
25 43
39
1
0.0604666628
4
39 21
21 1
1 18
18 38
4
39 21
21 1
1 18
18 38
39
1
0.0225922359
4
39 22
22 4
4 19
19 37
4
39 22
22 4
4 19
19 37
39
1
0.5497820171
4
39 21
21 1
1 18
18 38
4
39 21
21 1
1 18
18 38
39
1
0.0291223095
4
39 22
22 4
4 25
25 44
4
39 22
22 4
4 25
25 44
40
1
0.0009929945
4
40 21
21 1
1 9
9 27
4
40 21
21 1
1 9
9 27
41
1
0.0037089998
4
41 22
22 4
4 16
16 35
4
41 22
22 4
4 16
16 35
33
1
4.2962897890
4
33 17
17 6
6 20
20 38
4
33 17
17 6
6 20
20 38
28
1
19.1796490051
4
28 10
10 3
3 19
19 37
4
28 10
10 3
3 19
19 37
33
1
42.0141478473
4
33 16
16 3
3 13
13 31
4
33 16
16 3
3 13
13 31
40
1
4.5160424416
4
40 22
22 4
4 10
10 27
4
40 22
22 4
4 10
10 27
39
1
0.0001070584
4
39 21
21 1
1 12
12 32
4
39 21
21 1
1 12
12 32
41
1
5.8345583572
4
41 22
22 4
4 25
25 42
4
41 22
22 4
4 25
25 42
35
1
40.7455645783
4
35 15
15 0
0 24
24 44
4
35 15
15 0
0 24
24 44
